0 0 0 1
0.1 0 -0.0841471 0.991585
0.2 0 -0.167837 0.974802
0.3 0 -0.250596 0.949742
0.4 0 -0.331922 0.91655
0.5 0 -0.411273 0.875423
0.6 0 -0.488054 0.826617
0.7 0 -0.561619 0.770455
0.8 0 -0.631265 0.707329
0.9 0 -0.696245 0.637704
1 0 -0.755781 0.562126
1.1 0 -0.809079 0.481218
1.2 0 -0.855365 0.395682
1.3 0 -0.893909 0.306291
1.4 0 -0.924061 0.213885
1.5 0 -0.945287 0.119356
1.6 0 -0.957194 0.0236365
1.7 0 -0.959558 -0.0723193
1.8 0 -0.952332 -0.167553
1.9 0 -0.935655 -0.261118
2 0 -0.909839 -0.352102
2.1 0 -0.875352 -0.439637
2.2 0 -0.832791 -0.522916
2.3 0 -0.78285 -0.601201
2.4 0 -0.726287 -0.67383
2.5 0 -0.663888 -0.740219
2.6 0 -0.596443 -0.799863
2.7 0 -0.524717 -0.852335
2.8 0 -0.449435 -0.897278
2.9 0 -0.371272 -0.934406
3 0 -0.290848 -0.96349
3.1 0 -0.208729 -0.984363
3.2 0 -0.125437 -0.996907
3.3 0 -0.0414572 -1.00105
3.4 0 0.0427467 -0.996778
3.5 0 0.126719 -0.984106
3.6 0 0.209997 -0.963106
3.7 0 0.292094 -0.933897
3.8 0 0.372488 -0.896648
3.9 0 0.450612 -0.851587
4 0 0.525845 -0.799002
4.1 0 0.597511 -0.739251
4.2 0 0.664884 -0.672763
4.3 0 0.727199 -0.600043
4.4 0 0.783667 -0.521676
4.5 0 0.833501 -0.438326
4.6 0 0.875943 -0.350732
4.7 0 0.910302 -0.259702
4.8 0 0.935981 -0.166104
4.9 0 0.952515 -0.0708521
5 0 0.959594 0.0251073
5.1 0 0.957084 0.120816
5.2 0 0.945031 0.215319
5.3 0 0.923666 0.307685
5.4 0 0.89338 0.397023
5.5 0 0.854713 0.482495
5.6 0 0.808314 0.563326
5.7 0 0.754914 0.638817
5.8 0 0.695289 0.708346
5.9 0 0.630231 0.771369
6 0 0.560519 0.827421
6.1 0 0.4869 0.876111
6.2 0 0.410075 0.917119
6.3 0 0.33069 0.950188
6.4 0 0.249337 0.975122
6.5 0 0.16656 0.991778
6.6 0 0.0828601 1.00006
6.7 0 -0.00129043 0.999934
6.8 0 -0.085434 0.991391
6.9 0 -0.169113 0.97448
7 0 -0.251854 0.949294
7.1 0 -0.333154 0.915979
7.2 0 -0.41247 0.874732
7.3 0 -0.489207 0.825811
7.4 0 -0.562717 0.76954
7.5 0 -0.632298 0.70631
7.6 0 -0.697201 0.63659
7.7 0 -0.756646 0.560925
7.8 0 -0.809843 0.479941
7.9 0 -0.856016 0.394339
8 0 -0.894436 0.304896
8.1 0 -0.924455 0.21245
8.2 0 -0.945541 0.117896
8.3 0 -0.957303 0.0221656
8.4 0 -0.959519 -0.0737863
8.5 0 -0.952147 -0.169001
8.6 0 -0.935328 -0.262534
8.7 0 -0.909375 -0.353471
8.8 0 -0.874759 -0.440947
8.9 0 -0.83208 -0.524155
9 0 -0.782031 -0.602358
9.1 0 -0.725373 -0.674896
9.2 0 -0.662891 -0.741185
9.3 0 -0.595375 -0.800722
9.4 0 -0.523589 -0.853081
9.5 0 -0.448258 -0.897907
9.6 0 -0.370055 -0.934912
9.7 0 -0.289601 -0.963873
9.8 0 -0.20746 -0.984619
9.9 0 -0.124154 -0.997034
10 0 -0.0401676 -1.00105
10.1 0 0.0440362 -0.996647
10.2 0 0.128002 -0.983847
10.3 0 0.211265 -0.96272
10.4 0 0.29334 -0.933386
10.5 0 0.373704 -0.896016
10.6 0 0.451788 -0.850837
10.7 0 0.526972 -0.79814
10.8 0 0.598578 -0.738282
10.9 0 0.665879 -0.671694
11 0 0.728111 -0.598883
11.1 0 0.784483 -0.520435
11.2 0 0.834208 -0.437014
11.3 0 0.876532 -0.349361
11.4 0 0.910762 -0.258285
11.5 0 0.936304 -0.164654
11.6 0 0.952695 -0.0693848
11.7 0 0.959628 0.0265781
11.8 0 0.956971 0.122275
11.9 0 0.944774 0.216752
12 0 0.923268 0.309079
12.1 0 0.892849 0.398364
12.2 0 0.854058 0.48377
12.3 0 0.807546 0.564525
12.4 0 0.754045 0.639929
12.5 0 0.694331 0.709362
12.6 0 0.629196 0.772282
12.7 0 0.559419 0.828224
12.8 0 0.485746 0.876798
12.9 0 0.408876 0.917686
13 0 0.329457 0.950632
13.1 0 0.248078 0.975439
13.2 0 0.165283 0.991968
13.3 0 0.081573 1.00013
13.4 0 -0.00258086 0.999867
13.5 0 -0.0867208 0.991195
13.6 0 -0.170389 0.974156
13.7 0 -0.253112 0.948845
13.8 0 -0.334386 0.915406
13.9 0 -0.413667 0.87404
14 0 -0.49036 0.825004
14.1 0 -0.563815 0.768622
14.2 0 -0.633329 0.705289
14.3 0 -0.698155 0.635474
14.4 0 -0.757511 0.559723
14.5 0 -0.810606 0.478662
14.6 0 -0.856665 0.392996
14.7 0 -0.894961 0.3035
14.8 0 -0.924847 0.211015
14.9 0 -0.945792 0.116436
15 0 -0.957409 0.0206947
15.1 0 -0.959479 -0.0752532
15.2 0 -0.95196 -0.170449
15.3 0 -0.934998 -0.263949
15.4 0 -0.908908 -0.35484
15.5 0 -0.874164 -0.442256
15.6 0 -0.831366 -0.525393
15.7 0 -0.781211 -0.603514
15.8 0 -0.724457 -0.67596
15.9 0 -0.661893 -0.742149
16 0 -0.594305 -0.80158
16.1 0 -0.52246 -0.853826
16.2 0 -0.44708 -0.898533
16.3 0 -0.368838 -0.935417
16.4 0 -0.288354 -0.964253
16.5 0 -0.206191 -0.984872
16.6 0 -0.122871 -0.997159
16.7 0 -0.0388779 -1.00105
16.8 0 0.0453257 -0.996514
16.9 0 0.129284 -0.983586
17 0 0.212533 -0.962332
17.1 0 0.294586 -0.932874
17.2 0 0.374919 -0.895382
17.3 0 0.452964 -0.850086
17.4 0 0.528098 -0.797276
17.5 0 0.599643 -0.737312
17.6 0 0.666873 -0.670624
17.7 0 0.729021 -0.597722
17.8 0 0.785297 -0.519193
17.9 0 0.834915 -0.435701
18 0 0.877119 -0.347989
18.1 0 0.91122 -0.256867
18.2 0 0.936625 -0.163205
18.3 0 0.952873 -0.0679172
18.4 0 0.95966 0.0280487
18.5 0 0.956855 0.123734
18.6 0 0.944513 0.218186
18.7 0 0.922868 0.310472
18.8 0 0.892317 0.399704
18.9 0 0.853402 0.485044
19 0 0.806777 0.565722
19.1 0 0.753175 0.64104
19.2 0 0.693372 0.710377
19.3 0 0.62816 0.773193
19.4 0 0.558318 0.829024
19.5 0 0.48459 0.877484
19.6 0 0.407677 0.918251
19.7 0 0.328223 0.951074
19.8 0 0.246819 0.975755
19.9 0 0.164007 0.992156
20 0 0.0802858 1.00018
20.1 0 -0.00387128 0.999798
20.2 0 -0.0880074 0.990997
20.3 0 -0.171665 0.97383
20.4 0 -0.254369 0.948393
20.5 0 -0.335617 0.914832
20.6 0 -0.414863 0.873345
20.7 0 -0.491511 0.824194
20.8 0 -0.564911 0.767703
20.9 0 -0.63436 0.704267
21 0 -0.699107 0.634356
21.1 0 -0.758373 0.558519
21.2 0 -0.811366 0.477382
21.3 0 -0.857312 0.391651
21.4 0 -0.895484 0.302103
21.5 0 -0.925236 0.209579
21.6 0 -0.946041 0.114975
21.7 0 -0.957513 0.0192237
21.8 0 -0.959436 -0.0767198
21.9 0 -0.951771 -0.171897
22 0 -0.934666 -0.265364
22.1 0 -0.90844 -0.356208
22.2 0 -0.873568 -0.443564
22.3 0 -0.830652 -0.526629
22.4 0 -0.780389 -0.604668
22.5 0 -0.72354 -0.677022
22.6 0 -0.660893 -0.743112
22.7 0 -0.593235 -0.802435
22.8 0 -0.52133 -0.854568
22.9 0 -0.445901 -0.899158
23 0 -0.367621 -0.93592
23.1 0 -0.287106 -0.964631
23.2 0 -0.204922 -0.985123
23.3 0 -0.121588 -0.997282
23.4 0 -0.0375882 -1.00104
23.5 0 0.0466151 -0.996379
23.6 0 0.130566 -0.983323
23.7 0 0.2138 -0.961943
23.8 0 0.295831 -0.93236
23.9 0 0.376134 -0.894746
24 0 0.454139 -0.849332
24.1 0 0.529223 -0.79641
24.2 0 0.600708 -0.736339
24.3 0 0.667866 -0.669553
24.4 0 0.729929 -0.59656
24.5 0 0.786109 -0.517949
24.6 0 0.835619 -0.434387
24.7 0 0.877705 -0.346617
24.8 0 0.911676 -0.255449
24.9 0 0.936944 -0.161754
25 0 0.953049 -0.0664496
25.1 0 0.959689 0.0295194
25.2 0 0.956738 0.125193
25.3 0 0.944251 0.219618
25.4 0 0.922465 0.311865
25.5 0 0.891782 0.401043
25.6 0 0.852744 0.486317
25.7 0 0.806007 0.566918
25.8 0 0.752303 0.642148
25.9 0 0.692412 0.71139
26 0 0.627123 0.774102
26.1 0 0.557216 0.829823
26.2 0 0.483434 0.878167
26.3 0 0.406477 0.918815
26.4 0 0.326989 0.951514
26.5 0 0.24556 0.976069
26.6 0 0.162729 0.992342
26.7 0 0.0789985 1.00024
26.8 0 -0.0051617 0.999726
26.9 0 -0.089294 0.990797
27 0 -0.17294 0.973503
27.1 0 -0.255626 0.94794
27.2 0 -0.336848 0.914255
27.3 0 -0.416059 0.872649
27.4 0 -0.492662 0.823383
27.5 0 -0.566007 0.766782
27.6 0 -0.635389 0.703244
27.7 0 -0.700059 0.633238
27.8 0 -0.759235 0.557314
27.9 0 -0.812125 0.476102
28 0 -0.857957 0.390306
28.1 0 -0.896004 0.300705
28.2 0 -0.925624 0.208143
28.3 0 -0.946288 0.113514
28.4 0 -0.957615 0.0177527
28.5 0 -0.95939 -0.0781863
28.6 0 -0.95158 -0.173344
28.7 0 -0.934332 -0.266777
28.8 0 -0.90797 -0.357574
28.9 0 -0.872969 -0.444871
29 0 -0.829935 -0.527865
29.1 0 -0.779566 -0.605821
29.2 0 -0.722622 -0.678084
29.3 0 -0.659892 -0.744073
29.4 0 -0.592163 -0.803289
29.5 0 -0.520199 -0.855309
29.6 0 -0.444721 -0.899781
29.7 0 -0.366402 -0.936421
29.8 0 -0.285858 -0.965007
29.9 0 -0.203653 -0.985373
30 0 -0.120305 -0.997403
30.1 0 -0.0362984 -1.00103
30.2 0 0.0479044 -0.996242
30.3 0 0.131848 -0.983058
30.4 0 0.215068 -0.961551
30.5 0 0.297076 -0.931843
30.6 0 0.377348 -0.894109
30.7 0 0.455313 -0.848577
30.8 0 0.530347 -0.795543
30.9 0 0.601771 -0.735365
31 0 0.668857 -0.66848
31.1 0 0.730836 -0.595396
31.2 0 0.78692 -0.516704
31.3 0 0.836322 -0.433072
31.4 0 0.878288 -0.345243
31.5 0 0.91213 -0.25403
31.6 0 0.937261 -0.160304
31.7 0 0.953223 -0.0649817
31.8 0 0.959717 0.0309899
31.9 0 0.956618 0.126652
32 0 0.943987 0.22105
32.1 0 0.922061 0.313257
32.2 0 0.891245 0.402381
32.3 0 0.852084 0.48759
32.4 0 0.805235 0.568113
32.5 0 0.75143 0.643256
32.6 0 0.69145 0.712401
32.7 0 0.626085 0.775009
32.8 0 0.556112 0.830621
32.9 0 0.482277 0.878848
33 0 0.405277 0.919376
33.1 0 0.325755 0.951952
33.2 0 0.2443 0.976382
33.3 0 0.161452 0.992527
33.4 0 0.0777111 1.0003
33.5 0 -0.00645211 0.999653
33.6 0 -0.0905804 0.990595
33.7 0 -0.174216 0.973173
33.8 0 -0.256883 0.947485
33.9 0 -0.338078 0.913677
34 0 -0.417254 0.871952
34.1 0 -0.493812 0.82257
34.2 0 -0.567102 0.76586
34.3 0 -0.636418 0.702218
34.4 0 -0.701009 0.632117
34.5 0 -0.760094 0.556108
34.6 0 -0.812883 0.47482
34.7 0 -0.858601 0.38896
34.8 0 -0.896523 0.299307
34.9 0 -0.926009 0.206706
35 0 -0.946533 0.112053
35.1 0 -0.957715 0.0162817
35.2 0 -0.959343 -0.0796526
35.3 0 -0.951386 -0.174791
35.4 0 -0.933996 -0.268191
35.5 0 -0.907497 -0.35894
35.6 0 -0.872369 -0.446177
35.7 0 -0.829217 -0.529099
35.8 0 -0.778741 -0.606973
35.9 0 -0.721703 -0.679143
36 0 -0.65889 -0.745032
36.1 0 -0.591091 -0.804142
36.2 0 -0.519067 -0.856048
36.3 0 -0.443541 -0.900402
36.4 0 -0.365183 -0.936921
36.5 0 -0.28461 -0.965382
36.6 0 -0.202383 -0.98562
36.7 0 -0.119022 -0.997522
36.8 0 -0.0350086 -1.00102
36.9 0 0.0491937 -0.996104
37 0 0.13313 -0.982791
37.1 0 0.216334 -0.961157
37.2 0 0.29832 -0.931325
37.3 0 0.378561 -0.893469
37.4 0 0.456486 -0.84782
37.5 0 0.53147 -0.794673
37.6 0 0.602834 -0.73439
37.7 0 0.669847 -0.667405
37.8 0 0.731742 -0.594231
37.9 0 0.787729 -0.515458
38 0 0.837023 -0.431756
38.1 0 0.878869 -0.343869
38.2 0 0.912583 -0.252611
38.3 0 0.937576 -0.158853
38.4 0 0.953394 -0.0635138
38.5 0 0.959742 0.0324604
38.6 0 0.956496 0.12811
38.7 0 0.94372 0.222482
38.8 0 0.921655 0.314648
38.9 0 0.890707 0.403718
39 0 0.851423 0.48886
39.1 0 0.804461 0.569307
39.2 0 0.750556 0.644362
39.3 0 0.690487 0.713411
39.4 0 0.625045 0.775915
39.5 0 0.555008 0.831416
39.6 0 0.48112 0.879528
39.7 0 0.404076 0.919936
39.8 0 0.32452 0.952388
39.9 0 0.24304 0.976692
40 0 0.160175 0.992709
40.1 0 0.0764236 1.00035
40.2 0 -0.00774252 0.999577
40.3 0 -0.0918668 0.990391
40.4 0 -0.175491 0.972842
40.5 0 -0.25814 0.947028
40.6 0 -0.339308 0.913097
40.7 0 -0.418448 0.871252
40.8 0 -0.494962 0.821756
40.9 0 -0.568196 0.764936
41 0 -0.637445 0.701192
41.1 0 -0.701958 0.630996
41.2 0 -0.760953 0.554901
41.3 0 -0.813639 0.473537
41.4 0 -0.859242 0.387613
41.5 0 -0.89704 0.297909
41.6 0 -0.926392 0.205269
41.7 0 -0.946775 0.110592
41.8 0 -0.957812 0.0148106
41.9 0 -0.959293 -0.0811187
42 0 -0.95119 -0.176238
42.1 0 -0.933657 -0.269603
42.2 0 -0.907023 -0.360306
42.3 0 -0.871766 -0.447482
42.4 0 -0.828497 -0.530332
42.5 0 -0.777915 -0.608124
42.6 0 -0.720782 -0.680202
42.7 0 -0.657887 -0.74599
42.8 0 -0.590017 -0.804992
42.9 0 -0.517934 -0.856786
43 0 -0.44236 -0.901022
43.1 0 -0.363964 -0.937418
43.2 0 -0.283361 -0.965754
43.3 0 -0.201113 -0.985865
43.4 0 -0.117738 -0.997639
43.5 0 -0.0337188 -1.00101
43.6 0 0.0504829 -0.995963
43.7 0 0.134411 -0.982522
43.8 0 0.217601 -0.960762
43.9 0 0.299564 -0.930805
44 0 0.379774 -0.892828
44.1 0 0.457659 -0.847062
44.2 0 0.532593 -0.793803
44.3 0 0.603895 -0.733413
44.4 0 0.670836 -0.66633
44.5 0 0.732647 -0.593065
44.6 0 0.788537 -0.514211
44.7 0 0.837722 -0.430439
44.8 0 0.879449 -0.342494
44.9 0 0.913033 -0.251191
45 0 0.937888 -0.157402
45.1 0 0.953564 -0.0620456
45.2 0 0.959764 0.0339308
45.3 0 0.956372 0.129568
45.4 0 0.943451 0.223913
45.5 0 0.921247 0.316038
45.6 0 0.890166 0.405054
45.7 0 0.850759 0.49013
45.8 0 0.803685 0.570499
45.9 0 0.74968 0.645467
46 0 0.689523 0.714419
46.1 0 0.624005 0.77682
46.2 0 0.553904 0.83221
46.3 0 0.479961 0.880206
46.4 0 0.402874 0.920494
46.5 0 0.323284 0.952822
46.6 0 0.241779 0.977
46.7 0 0.158897 0.99289
46.8 0 0.075136 1.0004
46.9 0 -0.00903291 0.9995
47 0 -0.093153 0.990185
47.1 0 -0.176766 0.972508
47.2 0 -0.259396 0.946568
47.3 0 -0.340537 0.912515
47.4 0 -0.419642 0.870551
47.5 0 -0.49611 0.82094
47.6 0 -0.569289 0.764011
47.7 0 -0.638471 0.700164
47.8 0 -0.702905 0.629873
47.9 0 -0.76181 0.553692
48 0 -0.814393 0.472253
48.1 0 -0.859882 0.386265
48.2 0 -0.897555 0.296509
48.3 0 -0.926773 0.203832
48.4 0 -0.947016 0.10913
48.5 0 -0.957907 0.0133395
48.6 0 -0.959241 -0.0825847
48.7 0 -0.950992 -0.177684
48.8 0 -0.933317 -0.271016
48.9 0 -0.906546 -0.36167
49 0 -0.871162 -0.448786
49.1 0 -0.827775 -0.531564
49.2 0 -0.777087 -0.609273
49.3 0 -0.71986 -0.681259
49.4 0 -0.656883 -0.746947
49.5 0 -0.588942 -0.805841
49.6 0 -0.516801 -0.857521
49.7 0 -0.441179 -0.901639
49.8 0 -0.362744 -0.937913
49.9 0 -0.282112 -0.966125
50 0 -0.199843 -0.986109
50.1 0 -0.116454 -0.997754
50.2 0 -0.0324289 -1.001
50.3 0 0.0517721 -0.99582
50.4 0 0.135693 -0.982251
50.5 0 0.218867 -0.960364
50.6 0 0.300808 -0.930283
50.7 0 0.380986 -0.892185
50.8 0 0.458831 -0.846302
50.9 0 0.533714 -0.79293
51 0 0.604956 -0.732435
51.1 0 0.671824 -0.665252
51.2 0 0.73355 -0.591897
51.3 0 0.789343 -0.512963
51.4 0 0.838419 -0.429121
51.5 0 0.880026 -0.341118
51.6 0 0.913481 -0.24977
51.7 0 0.938199 -0.15595
51.8 0 0.953731 -0.0605773
51.9 0 0.959785 0.0354011
52 0 0.956245 0.131026
52.1 0 0.94318 0.225344
52.2 0 0.920836 0.317427
52.3 0 0.889624 0.40639
52.4 0 0.850094 0.491399
52.5 0 0.802908 0.57169
52.6 0 0.748803 0.64657
52.7 0 0.688558 0.715426
52.8 0 0.622964 0.777722
52.9 0 0.552798 0.833002
53 0 0.478802 0.880882
53.1 0 0.401672 0.92105
53.2 0 0.322049 0.953254
53.3 0 0.240518 0.977306
53.4 0 0.157619 0.993068
53.5 0 0.0738483 1.00045
53.6 0 -0.0103233 0.999421
53.7 0 -0.0944391 0.989977
53.8 0 -0.17804 0.972173
53.9 0 -0.260652 0.946107
54 0 -0.341766 0.911931
54.1 0 -0.420835 0.869847
54.2 0 -0.497258 0.820122
54.3 0 -0.570381 0.763084
54.4 0 -0.639496 0.699134
54.5 0 -0.703852 0.628749
54.6 0 -0.762665 0.552482
54.7 0 -0.815145 0.470968
54.8 0 -0.86052 0.384916
54.9 0 -0.898068 0.295109
55 0 -0.927153 0.202394
55.1 0 -0.947254 0.107668
55.2 0 -0.958 0.0118683
55.3 0 -0.959187 -0.0840504
55.4 0 -0.950792 -0.17913
55.5 0 -0.932974 -0.272427
55.6 0 -0.906067 -0.363034
55.7 0 -0.870556 -0.450089
55.8 0 -0.827052 -0.532795
55.9 0 -0.776257 -0.61042
56 0 -0.718936 -0.682314
56.1 0 -0.655877 -0.747902
56.2 0 -0.587867 -0.806688
56.3 0 -0.515667 -0.858255
56.4 0 -0.439997 -0.902255
56.5 0 -0.361524 -0.938407
56.6 0 -0.280862 -0.966493
56.7 0 -0.198572 -0.986351
56.8 0 -0.115171 -0.997868
56.9 0 -0.031139 -1.00098
57 0 0.0530611 -0.995675
57.1 0 0.136974 -0.981978
57.2 0 0.220134 -0.959965
57.3 0 0.302051 -0.92976
57.4 0 0.382198 -0.89154
57.5 0 0.460002 -0.845539
57.6 0 0.534835 -0.792056
57.7 0 0.606015 -0.731454
57.8 0 0.67281 -0.664173
57.9 0 0.734451 -0.590728
58 0 0.790148 -0.511714
58.1 0 0.839115 -0.427802
58.2 0 0.880602 -0.339742
58.3 0 0.913927 -0.248349
58.4 0 0.938507 -0.154498
58.5 0 0.953895 -0.0591089
58.6 0 0.959803 0.0368714
58.7 0 0.956117 0.132483
58.8 0 0.942907 0.226774
58.9 0 0.920423 0.318816
59 0 0.889079 0.407724
59.1 0 0.849427 0.492667
59.2 0 0.802129 0.57288
59.3 0 0.747924 0.647672
59.4 0 0.687591 0.716431
59.5 0 0.621921 0.778623
59.6 0 0.551691 0.833792
59.7 0 0.477643 0.881557
59.8 0 0.40047 0.921604
59.9 0 0.320812 0.953685
60 0 0.239257 0.977611
60.1 0 0.156341 0.993245
60.2 0 0.0725605 1.0005
60.3 0 -0.0116137 0.999339
60.4 0 -0.095725 0.989767
60.5 0 -0.179315 0.971835
60.6 0 -0.261907 0.945645
60.7 0 -0.342994 0.911345
60.8 0 -0.422027 0.869142
60.9 0 -0.498405 0.819302
61 0 -0.571472 0.762155
61.1 0 -0.64052 0.698103
61.2 0 -0.704797 0.627623
61.3 0 -0.763519 0.551271
61.4 0 -0.815896 0.469682
61.5 0 -0.861156 0.383566
61.6 0 -0.898579 0.293708
61.7 0 -0.927529 0.200955
61.8 0 -0.94749 0.106206
61.9 0 -0.958091 0.0103971
62 0 -0.95913 -0.0855159
62.1 0 -0.950589 -0.180575
62.2 0 -0.93263 -0.273838
62.3 0 -0.905587 -0.364396
62.4 0 -0.869948 -0.451391
62.5 0 -0.826326 -0.534024
62.6 0 -0.775426 -0.611567
62.7 0 -0.718011 -0.683368
62.8 0 -0.65487 -0.748855
62.9 0 -0.58679 -0.807534
63 0 -0.514532 -0.858987
63.1 0 -0.438814 -0.902868
63.2 0 -0.360303 -0.938899
63.3 0 -0.279612 -0.96686
63.4 0 -0.197302 -0.98659
63.5 0 -0.113887 -0.997979
63.6 0 -0.029849 -1.00096
63.7 0 0.0543501 -0.995529
63.8 0 0.138255 -0.981703
63.9 0 0.221399 -0.959563
64 0 0.303293 -0.929234
64.1 0 0.38341 -0.890893
64.2 0 0.461173 -0.844776
64.3 0 0.535955 -0.79118
64.4 0 0.607073 -0.730473
64.5 0 0.673796 -0.663093
64.6 0 0.735351 -0.589558
64.7 0 0.790951 -0.510463
64.8 0 0.839809 -0.426482
64.9 0 0.881176 -0.338365
65 0 0.91437 -0.246927
65.1 0 0.938813 -0.153046
65.2 0 0.954058 -0.0576404
65.3 0 0.959819 0.0383415
65.4 0 0.955986 0.13394
65.5 0 0.942632 0.228203
65.6 0 0.920009 0.320204
65.7 0 0.888533 0.409057
65.8 0 0.848758 0.493933
65.9 0 0.801349 0.574068
66 0 0.747044 0.648773
66.1 0 0.686623 0.717435
66.2 0 0.620878 0.779523
66.3 0 0.550584 0.834581
66.4 0 0.476482 0.882229
66.5 0 0.399266 0.922156
66.6 0 0.319576 0.954113
66.7 0 0.237996 0.977913
66.8 0 0.155062 0.993419
66.9 0 0.0712726 1.00055
67 0 -0.012904 0.999256
67.1 0 -0.0970109 0.989555
67.2 0 -0.180589 0.971496
67.3 0 -0.263162 0.94518
67.4 0 -0.344222 0.910758
67.5 0 -0.423219 0.868436
67.6 0 -0.499551 0.818481
67.7 0 -0.572562 0.761224
67.8 0 -0.641543 0.69707
67.9 0 -0.70574 0.626496
68 0 -0.764371 0.550059
68.1 0 -0.816645 0.468394
68.2 0 -0.86179 0.382215
68.3 0 -0.899088 0.292307
68.4 0 -0.927904 0.199516
68.5 0 -0.947724 0.104744
68.6 0 -0.958179 0.00892591
68.7 0 -0.959072 -0.0869812
68.8 0 -0.950384 -0.18202
68.9 0 -0.932283 -0.275248
69 0 -0.905104 -0.365758
69.1 0 -0.869338 -0.452692
69.2 0 -0.8256 -0.535252
69.3 0 -0.774594 -0.612712
69.4 0 -0.717085 -0.68442
69.5 0 -0.653863 -0.749806
69.6 0 -0.585713 -0.808378
69.7 0 -0.513396 -0.859717
69.8 0 -0.43763 -0.90348
69.9 0 -0.359082 -0.939388
70 0 -0.278362 -0.967225
70.1 0 -0.196031 -0.986828
70.2 0 -0.112603 -0.998088
70.3 0 -0.028559 -1.00094
70.4 0 0.0556391 -0.99538
70.5 0 0.139536 -0.981426
70.6 0 0.222665 -0.95916
70.7 0 0.304536 -0.928706
70.8 0 0.38462 -0.890244
70.9 0 0.462343 -0.84401
71 0 0.537074 -0.790303
71.1 0 0.608131 -0.72949
71.2 0 0.67478 -0.662012
71.3 0 0.73625 -0.588387
71.4 0 0.791752 -0.509211
71.5 0 0.840501 -0.425161
71.6 0 0.881748 -0.336986
71.7 0 0.914812 -0.245505
71.8 0 0.939117 -0.151593
71.9 0 0.954218 -0.0561717
72 0 0.959833 0.0398116
72.1 0 0.955852 0.135397
72.2 0 0.942354 0.229632
72.3 0 0.919592 0.321591
72.4 0 0.887984 0.41039
72.5 0 0.848088 0.495199
72.6 0 0.800567 0.575255
72.7 0 0.746162 0.649872
72.8 0 0.685654 0.718437
72.9 0 0.619833 0.78042
73 0 0.549475 0.835368
73.1 0 0.475321 0.8829
73.2 0 0.398062 0.922706
73.3 0 0.318339 0.95454
73.4 0 0.236734 0.978213
73.5 0 0.153784 0.993592
73.6 0 0.0699846 1.00059
73.7 0 -0.0141944 0.999171
73.8 0 -0.0982966 0.989341
73.9 0 -0.181863 0.971155
74 0 -0.264417 0.944713
74.1 0 -0.34545 0.910168
74.2 0 -0.42441 0.867727
74.3 0 -0.500697 0.817657
74.4 0 -0.573651 0.760292
74.5 0 -0.642564 0.696036
74.6 0 -0.706683 0.625368
74.7 0 -0.765222 0.548845
74.8 0 -0.817392 0.467106
74.9 0 -0.862423 0.380864
75 0 -0.899595 0.290904
75.1 0 -0.928277 0.198077
75.2 0 -0.947955 0.103281
75.3 0 -0.958265 0.00745467
75.4 0 -0.95901 -0.0884464
75.5 0 -0.950177 -0.183464
75.6 0 -0.931934 -0.276657
75.7 0 -0.90462 -0.367119
75.8 0 -0.868727 -0.453992
75.9 0 -0.824871 -0.536479
76 0 -0.77376 -0.613855
76.1 0 -0.716157 -0.685471
76.2 0 -0.652854 -0.750756
76.3 0 -0.584634 -0.80922
76.4 0 -0.51226 -0.860446
76.5 0 -0.436446 -0.90409
76.6 0 -0.35786 -0.939876
76.7 0 -0.277111 -0.967587
76.8 0 -0.194759 -0.987063
76.9 0 -0.111318 -0.998195
77 0 -0.0272689 -1.00092
77.1 0 0.056928 -0.995229
77.2 0 0.140816 -0.981148
77.3 0 0.22393 -0.958755
77.4 0 0.305778 -0.928177
77.5 0 0.385831 -0.889594
77.6 0 0.463512 -0.843243
77.7 0 0.538192 -0.789423
77.8 0 0.609187 -0.728505
77.9 0 0.675763 -0.660928
78 0 0.737148 -0.587214
78.1 0 0.792552 -0.507958
78.2 0 0.841191 -0.423839
78.3 0 0.882318 -0.335608
78.4 0 0.915252 -0.244082
78.5 0 0.939419 -0.15014
78.6 0 0.954376 -0.0547028
78.7 0 0.959844 0.0412816
78.8 0 0.955717 0.136853
78.9 0 0.942074 0.231061
79 0 0.919173 0.322978
79.1 0 0.887434 0.411721
79.2 0 0.847415 0.496463
79.3 0 0.799783 0.576441
79.4 0 0.745279 0.650969
79.5 0 0.684683 0.719438
79.6 0 0.618787 0.781316
79.7 0 0.548366 0.836153
79.8 0 0.474159 0.883569
79.9 0 0.396858 0.923255
80 0 0.317101 0.954965
80.1 0 0.235472 0.978512
80.2 0 0.152505 0.993762
80.3 0 0.0686965 1.00063
80.4 0 -0.0154847 0.999083
80.5 0 -0.0995822 0.989125
80.6 0 -0.183137 0.970812
80.7 0 -0.265671 0.944244
80.8 0 -0.346677 0.909577
80.9 0 -0.425601 0.867017
81 0 -0.501841 0.816833
81.1 0 -0.574739 0.759359
81.2 0 -0.643585 0.695
81.3 0 -0.707624 0.624238
81.4 0 -0.766071 0.547631
81.5 0 -0.818138 0.465817
81.6 0 -0.863053 0.379512
81.7 0 -0.9001 0.289502
81.8 0 -0.928647 0.196637
81.9 0 -0.948185 0.101818
82 0 -0.958349 0.00598343
82.1 0 -0.958947 -0.0899113
82.2 0 -0.949968 -0.184908
82.3 0 -0.931583 -0.278066
82.4 0 -0.904133 -0.36848
82.5 0 -0.868113 -0.455291
82.6 0 -0.824141 -0.537705
82.7 0 -0.772924 -0.614997
82.8 0 -0.715228 -0.68652
82.9 0 -0.651844 -0.751705
83 0 -0.583555 -0.81006
83.1 0 -0.511122 -0.861172
83.2 0 -0.435261 -0.904699
83.3 0 -0.356638 -0.940362
83.4 0 -0.27586 -0.967948
83.5 0 -0.193488 -0.987297
83.6 0 -0.110034 -0.998301
83.7 0 -0.0259788 -1.0009
83.8 0 0.0582168 -0.995077
83.9 0 0.142097 -0.980867
84 0 0.225195 -0.958348
84.1 0 0.307019 -0.927646
84.2 0 0.38704 -0.888942
84.3 0 0.464681 -0.842474
84.4 0 0.53931 -0.788543
84.5 0 0.610243 -0.727518
84.6 0 0.676744 -0.659844
84.7 0 0.738044 -0.58604
84.8 0 0.79335 -0.506705
84.9 0 0.84188 -0.422516
85 0 0.882886 -0.334228
85.1 0 0.91569 -0.242659
85.2 0 0.939718 -0.148687
85.3 0 0.954532 -0.0532339
85.4 0 0.959853 0.0427514
85.5 0 0.955579 0.138309
85.6 0 0.941792 0.232489
85.7 0 0.918752 0.324364
85.8 0 0.886882 0.413052
85.9 0 0.846741 0.497726
86 0 0.798998 0.577626
86.1 0 0.744395 0.652065
86.2 0 0.683712 0.720437
86.3 0 0.61774 0.782211
86.4 0 0.547255 0.836936
86.5 0 0.472996 0.884236
86.6 0 0.395653 0.923801
86.7 0 0.315863 0.955387
86.8 0 0.234209 0.978808
86.9 0 0.151226 0.993931
87 0 0.0674084 1.00067
87.1 0 -0.016775 0.998994
87.2 0 -0.100868 0.988907
87.3 0 -0.18441 0.970466
87.4 0 -0.266925 0.943774
87.5 0 -0.347903 0.908984
87.6 0 -0.426791 0.866305
87.7 0 -0.502985 0.816006
87.8 0 -0.575827 0.758423
87.9 0 -0.644604 0.693963
88 0 -0.708563 0.623107
88.1 0 -0.766919 0.546415
88.2 0 -0.818882 0.464526
88.3 0 -0.863682 0.378158
88.4 0 -0.900603 0.288098
88.5 0 -0.929016 0.195196
88.6 0 -0.948412 0.100355
88.7 0 -0.95843 0.00451216
88.8 0 -0.958882 -0.091376
88.9 0 -0.949757 -0.186352
89 0 -0.931229 -0.279475
89.1 0 -0.903644 -0.369839
89.2 0 -0.867498 -0.456589
89.3 0 -0.823409 -0.53893
89.4 0 -0.772087 -0.616138
89.5 0 -0.714298 -0.687568
89.6 0 -0.650832 -0.752651
89.7 0 -0.582475 -0.810899
89.8 0 -0.509984 -0.861897
89.9 0 -0.434076 -0.905305
90 0 -0.355415 -0.940846
90.1 0 -0.274609 -0.968307
90.2 0 -0.192216 -0.987529
90.3 0 -0.108749 -0.998404
90.4 0 -0.0246887 -1.00087
90.5 0 0.0595055 -0.994922
90.6 0 0.143377 -0.980584
90.7 0 0.226459 -0.957938
90.8 0 0.30826 -0.927112
90.9 0 0.388249 -0.888288
91 0 0.465848 -0.841703
91.1 0 0.540426 -0.78766
91.2 0 0.611297 -0.72653
91.3 0 0.677725 -0.658758
91.4 0 0.738938 -0.584864
91.5 0 0.794147 -0.505449
91.6 0 0.842567 -0.421193
91.7 0 0.883452 -0.332848
91.8 0 0.916125 -0.241235
91.9 0 0.940016 -0.147233
92 0 0.954686 -0.0517648
92.1 0 0.95986 0.0442212
92.2 0 0.955439 0.139765
92.3 0 0.941508 0.233916
92.4 0 0.918329 0.325749
92.5 0 0.886328 0.414382
92.6 0 0.846065 0.498988
92.7 0 0.798211 0.578809
92.8 0 0.743509 0.65316
92.9 0 0.682739 0.721434
93 0 0.616693 0.783103
93.1 0 0.546144 0.837718
93.2 0 0.471833 0.884901
93.3 0 0.394447 0.924346
93.4 0 0.314625 0.955808
93.5 0 0.232947 0.979103
93.6 0 0.149947 0.994098
93.7 0 0.0661202 1.00071
93.8 0 -0.0180653 0.998903
93.9 0 -0.102153 0.988688
94 0 -0.185684 0.970119
94.1 0 -0.268179 0.943302
94.2 0 -0.349129 0.908389
94.3 0 -0.42798 0.865591
94.4 0 -0.504128 0.815178
94.5 0 -0.576913 0.757486
94.6 0 -0.645623 0.692924
94.7 0 -0.709502 0.621974
94.8 0 -0.767766 0.545197
94.9 0 -0.819624 0.463235
95 0 -0.864309 0.376804
95.1 0 -0.901104 0.286694
95.2 0 -0.929382 0.193756
95.3 0 -0.948637 0.0988919
95.4 0 -0.95851 0.00304089
95.5 0 -0.958814 -0.0928405
95.6 0 -0.949543 -0.187795
95.7 0 -0.930874 -0.280882
95.8 0 -0.903154 -0.371198
95.9 0 -0.86688 -0.457886
96 0 -0.822675 -0.540153
96.1 0 -0.771248 -0.617278
96.2 0 -0.713367 -0.688615
96.3 0 -0.64982 -0.753597
96.4 0 -0.581393 -0.811736
96.5 0 -0.508845 -0.86262
96.6 0 -0.43289 -0.905909
96.7 0 -0.354191 -0.941329
96.8 0 -0.273357 -0.968664
96.9 0 -0.190944 -0.987759
97 0 -0.107465 -0.998505
97.1 0 -0.0233986 -1.00085
97.2 0 0.0607941 -0.994766
97.3 0 0.144657 -0.9803
97.4 0 0.227724 -0.957528
97.5 0 0.309501 -0.926577
97.6 0 0.389458 -0.887632
97.7 0 0.467016 -0.84093
97.8 0 0.541542 -0.786776
97.9 0 0.61235 -0.725541
98 0 0.678704 -0.65767
98.1 0 0.739832 -0.583687
98.2 0 0.794942 -0.504193
98.3 0 0.843252 -0.419868
98.4 0 0.884016 -0.331466
98.5 0 0.916559 -0.23981
98.6 0 0.940311 -0.145779
98.7 0 0.954837 -0.0502956
98.8 0 0.959865 0.0456909
98.9 0 0.955297 0.141221
99 0 0.941222 0.235343
99.1 0 0.917904 0.327133
99.2 0 0.885771 0.41571
99.3 0 0.845387 0.500249
99.4 0 0.797423 0.579991
99.5 0 0.742621 0.654254
99.6 0 0.681765 0.72243
99.7 0 0.615644 0.783994
99.8 0 0.545032 0.838498
99.9 0 0.470668 0.885564
100 0 0.393241 0.924889
