5.0747
5.08966
5.10778
5.12131
5.13311
5.14433
5.1476
5.15143
5.1492
5.14667
5.14371
5.13335
5.12224
5.10872
5.09587
5.07639
5.06288
5.04658
5.04035
5.03737
5.03173
5.02889
5.02247
5.01366
5.00836
5.00825
5.01138
5.01007
5.01109
5.01317
5.01394
5.01129
5.00949
5.00914
5.01525
5.02085
5.02743
5.03165
5.02722
5.02028
5.01146
5.00642
5.0047
5.0053
5.00855
5.01397
5.01431
5.01298
5.01248
5.0092
5.00377
4.9906
4.98063
4.96345
4.9387
4.9155
4.89724
4.87876
4.86505
4.84965
4.84271
4.84214
4.84484
4.84882
4.84774
4.8408
4.83666
4.83927
4.84285
4.84592
4.85486
4.86649
4.87601
4.88399
4.8935
4.90816
4.92011
4.93264
4.9535
4.97226
4.99347
5.00441
5.00807
5.01399
5.02592
5.03203
5.04455
5.05564
5.06514
5.07346
5.07437
5.07278
5.06816
5.06392
5.05424
5.04423
5.0276
5.00946
4.99268
4.97373
4.95906
4.94936
4.94679
4.94104
4.93555
4.92674
4.91967
4.91612
4.91709
4.92231
4.92697
4.93021
4.93348
4.94682
4.96277
4.97579
4.99681
5.01259
5.02918
5.04931
5.07225
5.0942
5.11303
5.12495
5.13413
5.14458
5.15395
5.16213
5.17383
5.18794
5.2012
5.20726
5.21021
5.20685
5.19871
5.18894
5.177
5.1593
5.14113
5.11651
5.09249
5.06571
5.04716
5.02626
5.00744
4.98986
4.97246
4.94952
4.92612
4.90204
4.88364
4.87134
4.8614
4.85856
4.85767
4.86124
4.86115
4.86897
4.87675
4.88879
4.89884
4.91196
4.92905
4.94634
4.96309
4.96829
4.97445
4.98503
4.99793
5.01217
5.02493
5.03643
5.04704
5.0489
5.05389
5.05641
5.05391
5.05
5.0477
5.0355
5.02032
5.00299
4.97645
4.94949
4.92997
4.91061
4.89806
4.88625
4.87358
4.86254
4.85645
4.83826
4.82797
4.81646
4.80452
4.79891
4.7991
4.80658
4.81383
4.82498
4.84494
4.87094
4.8973
4.92405
4.95391
4.98432
5.00939
5.0292
5.0443
5.05466
5.06515
5.08042
5.09721
5.11395
5.13092
5.15086
5.16885
5.18322
5.19609
5.20885
5.21476
5.21127
5.19611
5.17352
5.15062
5.12698
5.10312
5.0797
5.06154
5.0396
5.01911
5.00082
4.98252
4.96011
4.94565
4.93172
4.92402
4.91315
4.90419
4.89755
4.88874
4.87721
4.87063
4.86543
4.86392
4.87111
4.88264
4.89651
4.90842
4.91857
4.92641
4.93724
4.94903
4.95844
4.9757
4.98182
4.97917
4.98149
4.98326
4.98173
4.97853
4.97365
4.97499
4.97617
4.97602
4.97698
4.9763
4.96959
4.96161
4.9529
4.94641
4.94006
4.93612
4.92167
4.90542
4.89022
4.88125
4.87608
4.8767
4.88077
4.89017
4.9032
4.90982
4.9167
4.92681
4.94531
4.96027
4.97518
4.99416
5.01143
5.03091
5.04631
5.06668
5.09401
5.11605
5.13655
5.15882
5.17777
5.19161
5.1995
5.20448
5.21109
5.21006
5.20448
5.19387
5.17878
5.1668
5.15595
5.14668
5.13318
5.12351
5.10914
5.09853
5.0861
5.07431
5.05643
5.04099
5.01782
4.99986
4.9863
4.96852
4.95372
4.94358
4.93603
4.93279
4.92443
4.92416
4.93408
4.94639
4.96159
4.9783
4.99211
4.99994
5.00739
5.01667
5.02783
5.04378
5.0652
5.09209
5.11736
5.13801
5.15454
5.16719
5.18397
5.19245
5.20164
5.20935
5.21147
5.21042
5.20416
5.19927
5.19048
5.18429
5.17435
5.17303
5.17057
5.16671
5.1622
5.15107
5.13253
5.11362
5.09574
5.0744
5.05243
5.02826
5.00425
4.98438
4.96308
4.95313
4.94781
4.9479
4.95011
4.95201
4.95078
4.93976
4.92318
4.91294
4.90646
4.90639
4.90632
4.91371
4.91872
4.91763
4.91912
4.92503
4.92744
4.92026
4.91631
4.9153
4.91881
4.91526
4.91533
4.91305
4.90942
4.90659
4.90179
4.90435
4.90773
4.91328
4.90859
4.90155
4.8927
4.89236
4.89781
4.90973
4.91856
4.92883
4.9455
4.96255
4.97984
5.00003
5.01968
5.03938
5.05415
5.07078
5.08312
5.09452
5.1007
5.11109
5.12268
5.1317
5.13828
5.14851
5.16023
5.1642
5.16975
5.16791
5.161
5.14882
5.13957
5.13328
5.12256
5.10093
5.07891
5.05701
5.03373
5.01278
4.99351
4.9767
4.96036
4.9443
4.92342
4.90524
4.88021
4.86254
4.85194
4.84387
4.83545
4.82974
4.82637
4.82487
4.82535
4.83243
4.83766
4.84717
4.86215
4.88325
4.90199
4.92065
4.93609
4.94573
4.95199
4.96516
4.97808
4.99997
5.01872
5.0353
5.04734
5.05741
5.06662
5.07098
5.07784
5.08369
5.08825
5.08662
5.08183
5.07305
5.06936
5.06646
5.06733
5.07124
5.07547
5.07429
5.06437
5.05831
5.05048
5.04058
5.02815
5.01564
5.00505
4.9985
4.99081
4.98358
4.97687
4.97475
4.97605
4.97395
4.9708
4.96993
4.96437
4.96339
4.95581
4.95145
4.94839
4.9417
4.9369
4.93306
4.93482
4.93679
4.93806
4.94303
4.94598
4.94852
4.94932
4.95124
4.94792
4.94778
4.94188
4.9349
4.92657
4.92114
4.92346
4.93047
4.94238
4.95251
4.96358
4.97608
4.98796
5.0024
5.01811
5.03395
5.05122
5.06469
5.08087
5.09848
5.1195
5.14909
5.1784
5.2067
5.23211
5.25984
5.28526
5.30789
5.31243
5.31196
5.30921
5.31048
5.31682
5.32257
5.31787
5.30555
5.29299
5.28083
5.26831
5.25017
5.23278
5.21841
5.19868
5.17283
5.14614
5.11528
5.08345
5.05432
5.02858
5.00882
4.99193
4.96832
4.9475
4.92968
4.90749
4.8943
4.88163
4.8716
4.86784
4.8685
4.87206
4.87842
4.88191
4.89381
4.90377
4.91745
4.9381
4.95996
4.98256
5.00714
5.02938
5.05688
5.07696
5.09712
5.11612
5.13626
5.14685
5.15014
5.15079
5.14638
5.14323
5.1372
5.13462
5.13157
5.12447
5.11695
5.10858
5.09865
5.08624
5.0681
5.04719
5.0336
5.02038
5.00445
4.98616
4.96975
4.95233
4.93724
4.91995
4.90971
4.90515
4.90414
4.9098
4.91277
4.91539
4.92299
4.93699
4.94819
4.95776
4.97074
4.97667
4.98179
4.98789
4.99831
5.01234
5.03015
5.04334
5.06034
5.07193
5.07884
5.08452
5.08805
5.08959
5.09099
5.08891
5.08499
5.07986
5.07001
5.06018
5.05271
5.03961
5.02726
5.01975
5.01788
5.01536
5.01306
5.01022
5.00364
4.99093
4.97591
4.96377
4.95282
4.94922
4.95518
4.96654
4.98181
4.99335
5.00538
5.02203
5.04382
5.06493
5.08099
5.09155
5.10201
5.10565
5.10281
5.10074
5.09991
5.09957
5.10816
5.10809
5.10596
5.10143
5.09813
5.10058
5.09494
5.08906
5.07699
5.05707
5.03652
5.02296
5.00734
4.98584
4.96204
4.94182
4.92489
4.90393
4.88708
4.86627
4.85433
4.83986
4.82489
4.81817
4.81342
4.81093
4.81344
4.81718
4.82899
4.84229
4.86345
4.88841
4.91575
4.94406
4.9718
4.9959
5.01411
5.02786
5.04115
5.05448
5.06956
5.08605
5.10126
5.11008
5.11838
5.12302
5.12701
5.12785
5.12307
5.1164
5.11191
5.10234
5.0874
5.07146
5.05127
5.03011
5.00802
4.98421
4.96421
4.94547
4.92138
4.89584
4.87124
4.84084
4.81956
4.80592
4.79334
4.78102
4.77085
4.76787
4.76507
4.76181
4.7666
4.77574
4.78863
4.80604
4.82601
4.84182
4.86173
4.87759
4.89441
4.90889
4.92945
4.94998
4.97519
4.99778
5.01514
5.0333
5.05322
5.06542
5.07499
5.08475
5.09614
5.10262
5.10514
5.10711
5.10251
5.09619
5.08904
5.08821
5.08639
5.07952
5.07253
5.06589
5.05428
5.04
5.02785
5.0168
5.0044
4.99631
4.98725
4.98304
4.98095
4.983
4.98747
4.99254
5.0042
5.01953
5.03617
5.04569
5.05425
5.05513
5.05278
5.05066
5.05521
5.05447
5.05991
5.06256
5.06483
5.06781
5.06877
5.06665
5.06327
5.06137
5.06299
5.05181
5.03958
5.02809
5.01805
5.00652
4.99793
4.99169
4.99242
4.99191
4.99347
4.98989
4.98208
4.97491
4.96272
4.95981
4.95533
4.95435
4.95237
4.95489
4.95934
4.97139
4.98901
5.00876
5.02377
5.03603
5.0513
5.06587
5.08482
5.0963
5.10485
5.10583
5.11079
5.11625
5.12224
5.12429
5.12239
5.11553
5.10437
5.08989
5.07103
5.05289
5.04134
5.0233
5.00477
4.97928
4.94741
4.91745
4.89599
4.88505
4.88073
4.87587
4.86718
4.8564
4.84587
4.83043
4.81774
4.80995
4.80411
4.79379
4.79112
4.79505
4.80117
4.81173
4.82635
4.85056
4.87617
4.90079
4.93027
4.96018
4.99314
5.01995
5.04408
5.06702
5.08584
5.10499
5.12606
5.14348
5.15617
5.17212
5.18331
5.19012
5.19592
5.2014
5.20565
5.19662
5.18606
5.17245
5.15584
5.12935
5.10347
5.0775
5.0563
5.03281
5.00721
4.97957
4.95453
4.932
4.91259
4.90359
4.89694
4.89251
4.88807
4.88423
4.8786
4.86624
4.85986
4.85958
4.85867
4.86404
4.86934
4.87964
4.89307
4.90201
4.91678
4.93349
4.95859
4.98423
5.01386
5.0334
5.04552
5.05907
5.07305
5.08379
5.09344
5.10272
5.11398
5.12278
5.12635
5.12678
5.12204
5.11097
5.09958
5.0882
5.08482
5.07674
5.06648
5.0545
5.03792
5.01467
4.9965
4.9797
4.96323
4.95208
4.94133
4.93819
4.93267
4.9213
4.91498
4.91649
4.91728
4.91792
4.91617
4.91617
4.91398
4.91041
4.90804
4.90805
4.91226
4.92148
4.93856
4.95617
4.97229
4.98025
4.98526
4.9855
4.98694
4.98475
4.98229
4.9723
4.96299
4.95514
4.94787
4.93843
4.93554
4.93023
4.93598
4.94356
4.94689
4.95088
4.94864
4.93884
4.92537
4.91361
4.90327
4.89198
4.88677
4.89092
4.89608
4.89966
4.9054
4.91952
4.93389
4.94392
4.955
4.96175
4.96083
4.95503
4.94854
4.9495
4.95675
4.96624
4.97584
4.98121
4.98745
4.99414
4.99808
4.99839
5.00159
5.00029
4.99718
4.98567
4.96933
4.95499
4.93828
4.91678
4.89714
4.87573
4.86409
4.85528
4.85057
4.84242
4.83813
4.8344
4.82595
4.82644
4.82482
4.8218
4.82307
4.82701
4.83677
4.83961
4.84818
4.85922
4.87769
4.8995
4.92227
4.94108
4.95545
4.96726
4.97547
4.98973
5.00361
5.01607
5.027
5.03669
5.04189
5.04541
5.04972
5.05815
5.06353
5.06345
5.0651
5.06614
5.06017
5.0552
5.05052
5.04262
5.03603
5.02814
5.02472
5.01685
5.01315
5.00302
4.99143
4.97483
4.9654
4.95991
4.95442
4.94725
4.94343
4.94636
4.94801
4.95151
4.95674
4.96312
4.96994
4.97979
4.98928
4.99504
5.00223
5.0036
5.0061
5.00848
5.01518
5.02043
5.02429
5.03178
5.03531
5.03612
5.03993
5.04259
5.04541
5.05088
5.04653
5.03452
5.02128
5.00549
4.99041
4.97861
4.97714
4.97394
4.97279
4.97258
4.97047
4.9683
4.96499
4.95474
4.94963
4.94866
4.95189
4.95833
4.96121
4.96687
4.97133
4.97618
4.98845
5.0063
5.02324
5.0428
5.06484
5.0785
5.08844
5.08993
5.08789
5.08347
5.08446
5.08358
5.08516
5.08432
5.07978
5.07295
5.06802
5.05864
5.0463
5.03119
5.01409
4.99571
4.97526
4.95622
4.93361
4.91599
4.90727
4.89844
4.89472
4.88814
4.88402
4.88001
4.87628
4.87213
4.87505
4.87892
4.8859
4.89452
4.90828
4.92707
4.9444
4.96356
4.98738
5.01036
5.03245
5.06239
5.09509
5.13
5.16655
5.18987
5.21047
5.23241
5.25106
5.2647
5.2793
5.29402
5.29932
5.30067
5.29167
5.28463
5.27098
5.255
5.244
5.22326
5.19591
5.16342
5.12857
5.0847
5.04697
5.011
4.9761
4.94154
4.9112
4.88179
4.8542
4.82772
4.80875
4.79397
4.78347
4.76761
4.75785
4.75233
4.74622
4.74842
4.75423
4.76526
4.77711
4.78996
4.81173
4.83836
4.86548
4.88547
4.90984
4.93882
4.96879
4.9991
5.03212
5.0609
5.08944
5.11794
5.14612
5.17111
5.18613
5.20112
5.21255
5.2157
5.21674
5.21275
5.20382
5.18965
5.17567
5.15999
5.14741
5.13212
5.11136
5.08532
5.05793
5.0271
5.00109
4.97926
4.96194
4.94476
4.92918
4.91184
4.89411
4.87358
4.8602
4.85464
4.84933
4.84566
4.84501
4.84814
4.85207
4.86556
4.88411
4.89905
4.91499
4.93377
4.95862
4.98439
5.00473
5.02382
5.04203
5.05408
5.05936
5.06637
5.0725
5.0784
5.08423
5.08695
5.09123
5.09144
5.09651
5.0969
5.10477
5.10996
5.11353
5.10931
5.09851
5.08362
5.07323
5.06557
5.05571
5.0519
5.04773
5.04754
5.0487
5.04825
5.05345
5.05938
5.06362
5.06732
5.07266
5.07355
5.07404
5.06606
5.05761
5.05856
5.06282
5.06984
5.08377
5.09431
5.09761
5.10239
5.10239
5.10221
5.0936
5.08472
5.0738
5.05741
5.03732
5.0165
4.99696
4.97598
4.96497
4.95595
4.95364
4.95215
4.94802
4.93686
4.92436
4.90597
4.89403
4.88053
4.87167
4.86495
4.86028
4.85902
4.85104
4.84098
4.8404
4.84288
4.85133
4.86057
4.8752
4.88821
4.89953
4.906
4.91257
4.91999
4.92747
4.93838
4.95102
4.96245
4.9763
4.99278
5.00186
5.00676
5.00628
5.003
4.99966
4.99724
4.99129
4.98867
4.98497
4.97529
4.96305
4.94576
4.93841
4.93559
4.93714
4.93211
4.92846
4.91996
4.91463
4.9151
4.91398
4.9149
4.91137
4.90858
4.90598
4.90489
4.91176
4.92435
4.94364
4.96104
4.98559
5.00488
5.01349
5.02153
5.03239
5.04748
5.06033
5.07114
5.08637
5.09992
5.11227
5.12389
5.13551
5.14508
5.15116
5.15795
5.16661
5.17181
5.16915
5.16776
5.16124
5.15687
5.15017
5.138
5.13079
5.12272
5.11609
5.10629
5.09594
5.08263
5.07495
5.06917
5.06554
5.06006
5.0588
5.06002
5.06091
5.05715
5.05838
5.05903
5.05794
5.05708
5.06167
5.05785
5.05205
5.04011
5.02884
5.02111
5.02032
5.02229
5.02972
5.03643
5.03655
5.03515
5.03248
5.02831
5.01927
5.01157
5.00218
4.98597
4.96536
4.94475
4.93003
4.92005
4.90871
4.90565
4.90132
4.90411
4.90472
4.90391
4.90728
4.90312
4.90505
4.90995
4.91458
4.91334
4.91075
4.91363
4.91503
4.91901
4.9316
4.93957
4.94875
4.96685
4.98683
5.00135
5.01747
5.02685
5.03921
5.04596
5.05909
5.07177
5.0863
5.09654
5.10243
5.10366
5.10707
5.10555
5.09654
5.08757
5.07981
5.07056
5.05056
5.02609
5.00319
4.97795
4.95508
4.93627
4.92306
4.91387
4.90325
4.89237
4.88246
4.87204
4.86426
4.86358
4.86411
4.86916
4.87422
4.87805
4.88131
4.88626
4.89287
4.89744
4.90049
4.90507
4.91825
4.93335
4.94483
4.9474
4.95306
4.95935
4.97169
4.98473
5.00088
5.01498
5.02089
5.02776
5.03247
5.03486
5.03359
5.03538
5.04253
5.04199
5.03839
5.03019
5.01805
5.00639
4.99939
4.99277
4.9918
4.98787
4.98134
4.98219
4.98863
4.99064
4.99648
4.99845
5.0051
5.01241
5.02267
5.03684
5.0533
5.06448
5.08008
5.09877
5.1141
5.13394
5.15524
5.17089
5.18326
5.18706
5.18699
5.18417
5.18185
5.17812
5.18043
5.17965
5.17583
5.17041
5.15997
5.14868
5.12803
5.1094
5.09149
5.06624
5.03802
5.01099
4.98928
4.96578
4.94156
4.92013
4.90279
4.88044
4.85704
4.836
4.81553
4.79501
4.77926
4.77312
4.76743
4.76652
4.76556
4.76977
4.77471
4.78636
4.80205
4.81436
4.83053
4.84875
4.86711
4.88104
4.90001
4.91079
4.92434
4.93474
4.95106
4.96918
4.99776
5.01668
5.03082
5.0394
5.04666
5.05251
5.05135
5.05096
5.04954
5.04973
5.0419
5.03497
5.02643
5.0174
5.0076
4.99905
4.9922
4.98834
4.98411
4.97208
4.96186
4.95079
4.9397
4.93302
4.92924
4.92953
4.93353
4.94059
4.953
4.96399
4.97902
5.0021
5.02576
5.0463
5.06392
5.07805
5.08929
5.09139
5.1003
5.10723
5.11478
5.12549
5.14146
5.15389
5.16352
5.16589
5.17084
5.17439
5.17482
5.17418
5.16809
5.15282
5.13641
5.11912
5.10165
5.08145
5.06012
5.04013
5.02807
5.0221
5.01423
5.00126
4.98802
4.97166
4.95749
4.94459
4.93205
4.92633
4.92121
4.92155
4.9267
4.93328
4.94351
4.96441
4.9906
5.01893
5.04606
5.06807
5.09004
5.10526
5.11818
5.12861
5.14125
5.14778
5.15081
5.14939
5.14865
5.15308
5.15603
5.15567
5.15119
5.14592
5.1443
5.13534
5.11951
5.099
5.07245
5.04091
5.00882
4.98278
4.96853
4.95257
4.9337
4.91089
4.88951
4.86735
4.85022
4.83714
4.82543
4.81895
4.80846
4.80006
4.79404
4.78806
4.78953
4.79411
4.80928
4.82778
4.8502
4.86949
4.88946
4.90843
4.92177
4.94314
4.96326
4.98634
5.01345
5.03552
5.05284
5.06932
5.08231
5.08801
5.09275
5.09227
5.09472
5.09002
5.08442
5.08183
5.07494
5.06452
5.0525
5.041
5.03396
5.027
5.02068
5.00938
4.99597
4.97695
4.95694
4.94523
4.93609
4.92518
4.92127
4.9215
4.92125
4.92009
4.92137
4.92642
4.93051
4.93506
4.94448
4.95
4.95863
4.96345
4.97163
4.9808
4.99708
5.01198
5.03067
5.03979
5.04556
5.05588
5.06157
5.06266
5.05882
5.05523
5.05081
5.03606
5.01872
5.00405
4.98988
4.97722
4.96762
4.95977
4.94902
4.93906
4.93105
4.9228
4.91295
4.89654
4.88422
4.88094
4.8771
4.8745
4.86995
4.86982
4.87171
4.87488
4.88655
4.90262
4.91964
4.93969
4.9618
4.9801
4.9983
5.01106
5.02297
5.02952
5.03777
5.04757
5.06443
5.07851
5.09112
5.09901
5.10646
5.10854
5.10641
5.10941
5.1154
5.11411
5.11305
5.10521
5.09297
5.07678
5.06135
5.05081
5.0469
5.03995
5.03154
5.02197
5.01314
5.00564
4.99696
4.99205
4.98162
4.9705
4.96237
4.9582
4.95393
4.95226
4.95941
4.96692
4.9719
4.98281
4.99593
5.01185
5.02815
5.0422
5.05602
5.07038
5.09076
5.10738
5.1228
5.13339
5.14051
5.14152
5.14366
5.14182
5.1411
5.14284
5.14225
5.1391
5.13266
5.12347
5.11493
5.10346
5.0944
5.0828
5.07624
5.06632
5.05213
5.04032
5.02932
5.0112
4.99379
4.9813
4.97055
4.96118
4.95554
4.95806
4.96086
4.96118
4.96711
4.97919
4.98971
4.99768
5.00406
5.01485
5.0201
5.01768
5.01636
5.01592
5.02768
5.0398
5.059
5.06968
5.07369
5.07913
5.08163
5.08334
5.08342
5.08301
5.08398
5.07575
5.0685
5.06375
5.05321
5.03853
5.02952
5.02213
5.0183
5.00501
4.98726
4.97203
4.95715
4.93798
4.92191
4.91016
4.90527
4.90616
4.91236
4.91954
4.92941
4.94053
4.95003
4.96037
4.96756
4.97655
4.98325
4.99476
5.00313
5.00903
5.01078
5.01493
5.01803
5.02297
5.03711
5.04665
5.05485
5.05852
5.06054
5.05768
5.05547
5.04752
5.04373
5.03703
5.02779
5.01727
5.00387
4.98984
4.97771
4.96768
4.96534
4.96131
4.95985
4.95092
4.94147
4.92895
4.9165
4.90755
4.89532
4.88346
4.876
4.87949
4.88355
4.8891
4.90275
4.92253
4.94281
4.96643
4.98955
5.00702
5.0222
5.02885
5.03593
5.04833
5.05692
5.06599
5.07498
5.08202
5.0916
5.0995
5.10933
5.12214
5.12786
5.12167
5.11022
5.09545
5.07669
5.05503
5.03414
5.00641
4.9851
4.96595
4.9524
4.93985
4.93075
4.91411
4.898
4.87389
4.85189
4.83189
4.81316
4.79672
4.78505
4.77678
4.76639
4.75324
4.74453
4.74956
4.7599
4.77434
4.78461
4.79551
4.80721
4.81449
4.82116
4.83033
4.83966
4.84786
4.85937
4.87513
4.88146
4.88956
4.89766
4.9075
4.91981
4.93189
4.94572
4.94614
4.95416
4.96009
4.963
4.95857
4.9512
4.94271
4.94497
4.94892
4.95197
4.95322
4.95276
4.94805
4.94766
4.94774
4.9482
4.95261
4.95461
4.96037
4.9661
4.96942
4.97417
4.98588
4.99985
5.01047
5.02491
5.03428
5.0414
5.045
5.05128
5.05736
5.06586
5.07145
5.07383
5.0747
5.06657
5.05678
5.051
5.04107
5.02951
5.02272
5.01687
5.0117
5.00088
4.99092
4.97726
4.96783
4.95929
4.94961
4.9483
4.94434
4.94217
4.9354
4.92327
4.90309
4.89136
4.88552
4.88505
4.8857
4.89595
4.90997
4.91934
4.92794
4.93952
4.95454
4.9668
4.97666
4.9891
4.99508
5.00275
5.00751
5.01332
5.01604
5.02377
5.02963
5.03887
5.04744
5.05329
5.06272
5.06607
5.07371
5.07537
5.07472
5.07692
5.07474
5.06774
5.06029
5.04917
5.03062
5.01809
5.00858
5.0062
5.00892
5.01291
5.01248
5.00738
4.9964
4.98853
4.98737
4.989
4.98468
4.98486
4.99129
4.9982
5.00897
5.02437
5.03993
5.05682
5.07972
5.10646
5.13468
5.16073
5.17747
5.19064
5.20118
5.20546
5.20558
5.21251
5.21313
5.21085
5.21015
5.20678
5.20505
5.20112
5.19905
5.19715
5.18829
5.17125
5.14896
5.12561
5.10619
5.09185
5.076
5.06161
5.04589
5.03273
5.00925
4.99331
4.97928
4.96752
4.95969
4.95001
4.94071
4.93837
4.93874
4.94042
4.93909
4.94457
4.95728
4.96722
4.97828
4.99046
5.00409
5.02369
5.03656
5.04677
5.06328
5.0797
5.09675
5.11382
5.13115
5.14032
5.13939
5.14007
5.14027
5.13498
5.12886
5.12187
5.11507
5.10662
5.09105
5.07535
5.05828
5.04443
5.03091
5.02456
5.01289
4.99615
4.98025
4.96135
4.94485
4.9331
4.9253
4.92182
4.91967
4.92492
4.93292
4.94233
4.94679
4.96161
4.97772
4.99477
5.00748
5.02159
5.03738
5.04669
5.05301
5.05843
5.06605
5.07672
5.08912
5.10348
5.11828
5.12798
5.13027
5.12784
5.12078
5.10871
5.09664
5.07959
5.05899
5.03926
5.01877
4.99704
4.97444
4.95963
4.94536
4.93999
4.93272
4.91361
4.89234
4.87178
4.84942
4.83261
4.81894
4.80702
4.79698
4.79028
4.78691
4.78861
4.79474
4.81185
4.82747
4.84722
4.87085
4.90154
4.93284
4.96246
4.98712
5.00845
5.02754
5.04924
5.07774
5.11169
5.13876
5.1556
5.17096
5.1841
5.1974
5.20547
5.21036
5.21343
5.21141
5.1984
5.18669
5.16495
5.14515
5.12925
5.10929
5.09665
5.07955
5.06343
5.04
5.01643
4.9871
4.96133
4.93092
4.89684
4.86825
4.84245
4.82155
4.80242
4.78699
4.77893
4.77495
4.77621
4.77773
4.78515
4.78967
4.79507
4.79901
4.80709
4.821
4.83237
4.84377
4.86639
4.89324
4.92191
4.95132
4.98182
5.00878
5.03484
5.057
5.07474
5.08918
5.10087
5.1147
5.1282
5.13471
5.14315
5.15594
5.17177
5.18857
5.20581
5.21895
5.22589
5.22961
5.23085
5.22733
5.22245
5.21692
5.21134
5.20261
5.18876
5.17014
5.15358
5.14328
5.13066
5.12171
5.11857
5.10756
5.0996
5.08663
5.0761
5.0681
5.06018
5.04977
5.03977
5.02378
5.00869
5.00078
4.98944
4.98109
4.97066
4.96189
4.95443
4.94391
4.93045
4.91821
4.91044
4.90102
4.89178
4.88184
4.87408
4.86868
4.86207
4.85272
4.85231
4.8481
4.85482
4.86411
4.87874
4.89238
4.9065
4.92231
4.93337
4.94228
4.95671
4.97243
4.98689
5.00659
5.02633
5.04171
5.05011
5.05109
5.05476
5.05619
5.05809
5.06744
5.07544
5.08084
5.07739
5.07271
5.07031
5.06783
5.06121
5.05207
5.04381
5.02891
5.00953
4.99769
4.98471
4.96855
4.95027
4.92972
4.91385
4.90352
4.89305
4.87949
4.86554
4.84663
4.83683
4.82935
4.82705
4.82706
4.83189
4.83839
4.84423
4.85109
4.86301
4.87256
4.88693
4.89975
4.91765
4.93093
4.94136
4.94483
4.95634
4.96762
4.98433
4.99654
5.01279
5.0309
5.04564
5.06246
5.07916
5.08996
5.09117
5.09525
5.09564
5.09291
5.08481
5.07699
5.06644
5.0586
5.05091
5.04816
5.05075
5.05766
5.06166
5.06933
5.07174
5.06696
5.06508
5.06553
5.0702
5.07005
5.07059
5.07155
5.07252
5.07074
5.07567
5.0849
5.09293
5.10509
5.11791
5.11933
5.11834
5.11385
5.10678
5.09619
5.09512
5.09322
5.09695
5.09448
5.08363
5.07228
5.06217
5.05048
5.03571
5.02182
5.01039
4.99891
4.98515
4.96374
4.94858
4.93264
4.91845
4.9035
4.89482
4.88982
4.88581
4.8839
4.88331
4.88544
4.88307
4.88788
4.89229
4.90543
4.92087
4.94493
4.96937
4.99085
5.01321
5.03051
5.04675
5.06011
5.07802
5.0934
5.11053
5.11725
5.12521
5.13489
5.14448
5.15212
5.15847
5.15479
5.14774
5.1323
5.11112
5.08761
5.05619
5.02742
5.0078
4.98351
4.95194
4.92052
4.89064
4.85965
4.83338
4.80921
4.78606
4.76221
4.73738
4.71257
4.6914
4.66758
4.64656
4.63777
4.63249
4.63074
4.63082
4.6337
4.64598
4.6668
4.69503
4.72929
4.76744
4.80111
4.83796
4.87825
4.92085
4.95419
4.98364
5.0123
5.04263
5.07783
5.1176
5.14862
5.17688
5.19697
5.2177
5.23097
5.23363
5.24117
5.24569
5.24237
5.23061
5.21487
5.1985
5.17852
5.16332
5.15031
5.14474
5.13622
5.11898
5.09964
5.07805
5.05175
5.02802
5.00915
4.98779
4.97006
4.9498
4.93341
4.92094
4.90611
4.89703
4.89094
4.88926
4.89642
4.90085
4.90185
4.90377
4.90045
4.89656
4.89013
4.89091
4.89682
4.90922
4.92246
4.93392
4.94512
4.95917
4.9637
4.96642
4.96576
4.96405
4.95872
4.94965
4.93753
4.9245
4.90943
4.89271
4.88143
4.87929
4.87882
4.88162
4.88239
4.88324
4.88336
4.88603
4.88465
4.88325
4.88641
4.8847
4.89299
4.8983
4.905
4.91843
4.93474
4.95704
4.97975
5.00322
5.02019
5.03499
5.04294
5.0503
5.05941
5.06716
5.07342
5.08637
5.09346
5.09963
5.1029
5.1018
5.09779
5.0915
5.08268
5.07352
5.06066
5.05089
5.03775
5.01908
4.99552
4.97795
4.9653
4.95559
4.94804
4.94042
4.93156
4.92257
4.91362
4.90846
4.90541
4.90561
4.90683
4.90622
4.90623
4.90668
4.91083
4.91646
4.92829
4.9421
4.95552
4.9687
4.98346
5.00292
5.01928
5.03312
5.04513
5.05821
5.06946
5.08277
5.09046
5.09822
5.10206
5.10041
5.09729
5.08891
5.08257
5.07975
5.0662
5.05096
5.0356
5.02059
4.99675
4.9702
4.94549
4.92291
4.90692
4.89258
4.87804
4.86746
4.85624
4.84866
4.84831
4.84689
4.8468
4.84978
4.85059
4.85622
4.86156
4.86856
4.8798
4.89483
4.91142
4.93587
4.95591
4.97269
4.9889
5.0099
5.03666
5.06892
5.09805
5.12489
5.14821
5.16495
5.1846
5.19856
5.20447
5.20388
5.198
5.1893
5.17105
5.14962
5.12971
5.11121
5.09187
5.07304
5.05199
5.03327
5.01611
4.99445
4.96757
4.94178
4.9068
4.87759
4.85462
4.83988
4.82669
4.81209
4.80653
4.80238
4.79865
4.80295
4.81392
4.82429
4.8381
4.85471
4.87064
4.88349
4.89226
4.90806
4.92452
4.94656
4.96867
4.99742
5.02121
5.04472
5.0699
5.0935
5.11518
5.13393
5.15554
5.17144
5.17942
5.18662
5.18975
5.19233
5.18767
5.18511
5.18577
5.19244
5.19731
5.19848
5.19528
5.18577
5.17054
5.15524
5.14743
5.14071
5.13015
5.11413
5.10751
5.09444
5.08046
5.07044
5.06009
5.05376
5.05318
5.05293
5.05247
5.05134
5.0458
5.03812
5.02518
5.02188
5.01402
5.01105
5.00209
4.99165
4.97967
4.96737
4.95614
4.9428
4.93132
4.92378
4.9124
4.89557
4.88185
4.86562
4.85081
4.84089
4.82792
4.81834
4.80318
4.79492
4.79067
4.79191
4.78792
4.78347
4.78304
4.78672
4.79561
4.80632
4.81879
4.83087
4.84075
4.85314
4.86891
4.8837
4.90074
4.91847
4.93761
4.95459
4.96708
4.9786
4.99723
5.02162
5.04808
5.07522
5.09424
5.10539
5.11173
5.11272
5.10907
5.1066
5.10145
5.09766
5.08955
5.08308
5.07026
5.05219
5.03613
5.02132
5.00793
5.00219
4.98931
4.97785
4.96546
4.95606
4.94141
4.92745
4.92152
4.91113
4.90234
4.89791
4.90626
4.91685
4.92702
4.94228
4.96158
4.97837
4.99153
5.00731
5.01635
5.02059
5.01954
5.01434
5.01255
5.02007
5.03584
5.05599
5.07112
5.08979
5.10876
5.12396
5.13354
5.13738
5.14139
5.14331
5.1351
5.11701
5.0945
5.07142
5.0474
5.0302
5.01548
5.00601
4.99494
4.9866
4.97594
4.96488
4.94816
4.9356
4.92637
4.91447
4.90131
4.89181
4.88234
4.87737
4.87854
4.88513
4.89314
4.90122
4.91379
4.92172
4.9291
4.93492
4.93585
4.93691
4.93802
4.94529
4.9558
4.9695
4.982
4.98859
4.9956
5.0028
5.01141
5.01882
5.02482
5.03338
5.03456
5.03174
5.02829
5.0204
5.00592
4.996
4.98895
4.99088
4.99075
4.99449
4.99576
4.99948
4.99741
4.99939
5.00375
5.00291
5.00984
5.01745
5.02517
5.02856
5.03105
5.03814
5.05155
5.06197
5.0744
5.08806
5.09777
5.11116
5.1167
5.1228
5.13024
5.13511
5.14166
5.14884
5.15664
5.15922
5.15758
5.15281
5.14791
5.14584
5.13991
5.13633
5.12669
5.11597
5.10089
5.0825
5.06219
5.04498
5.02709
5.01538
4.99946
4.98535
4.97052
4.95382
4.93623
4.92887
4.92799
4.92823
4.92751
4.92847
4.93674
4.94295
4.94765
4.95736
4.97335
4.98908
5.00607
5.0257
5.04793
5.07219
5.08929
5.10178
5.11471
5.12715
5.13592
5.14521
5.15292
5.15533
5.15951
5.15855
5.15903
5.15262
5.14652
5.14109
5.13002
5.11879
5.10726
5.09257
5.0681
5.04611
5.02379
5.01067
4.99337
4.97961
4.95913
4.93607
4.91273
4.89355
4.8771
4.86616
4.85225
4.84424
4.83536
4.83211
4.83348
4.84111
4.85906
4.87499
4.88998
4.90561
4.92028
4.92937
4.93156
4.93611
4.94681
4.95785
4.96452
4.97422
4.9871
5.00013
5.01415
5.02503
5.03419
5.0345
5.03136
5.03185
5.02981
5.02527
5.0229
5.01927
5.01085
4.99927
4.98783
4.98326
4.98171
4.97927
4.96754
4.95259
4.93172
4.91509
4.90632
4.90013
4.89249
4.89549
4.90234
4.9114
4.91772
4.9288
4.94675
4.96073
4.97423
4.98892
5.00015
5.01052
5.01573
5.02469
5.03431
5.04668
5.05093
5.05655
5.06543
5.07133
5.07709
5.08099
5.08163
5.08052
5.08374
5.08587
5.08357
5.07237
5.06154
5.05185
5.04359
5.0406
5.03968
5.03675
5.03515
5.03165
5.02774
5.02597
5.0192
5.01422
5.00956
5.01058
5.01081
5.01122
5.01632
5.02419
5.02763
5.03914
5.05032
5.06255
5.07886
5.09989
5.12408
5.14227
5.15635
5.16852
5.17747
5.1853
5.18653
5.19268
5.19126
5.18483
5.17454
5.1646
5.15292
5.1397
5.12657
5.10969
5.09098
5.07061
5.0512
5.02587
5.00286
4.98329
4.961
4.94845
4.93984
4.93049
4.91549
4.89735
4.88058
4.86288
4.84927
4.84368
4.84215
4.84773
4.85966
4.86998
4.87956
4.88878
4.89638
4.90755
4.91601
4.93197
4.94626
4.96352
4.97456
4.98849
5.00638
5.02558
5.04916
5.07328
5.09847
5.11794
5.13429
5.14924
5.16049
5.16736
5.16738
5.16701
5.16181
5.15036
5.1357
5.11721
5.10412
5.09446
5.08325
5.07726
5.06983
5.06171
5.04988
5.03659
5.01528
4.99988
4.98418
4.96924
4.95596
4.94787
4.94658
4.94635
4.94759
4.9557
4.96684
4.97812
4.98955
5.00215
5.01558
5.02653
5.03233
5.02887
5.02759
5.03109
5.04236
5.0597
5.06918
5.07371
5.07631
5.07915
5.0853
5.08717
5.08352
5.07751
5.06282
5.04684
5.02935
5.00979
4.99257
4.98013
4.96555
4.9595
4.94677
4.93342
4.91911
4.90635
4.89658
4.88682
4.87422
4.86126
4.85567
4.85331
4.85906
4.86329
4.86371
4.86929
4.87928
4.89704
4.91909
4.94926
4.97426
4.99591
5.00973
5.02714
5.04
5.05261
5.06522
5.08565
5.10185
5.11047
5.12185
5.13223
5.1406
5.14555
5.15367
5.15548
5.15812
5.15377
5.14608
5.13309
5.11645
5.09719
5.07502
5.05293
5.03433
5.01666
4.99592
4.97916
4.95854
4.94747
4.94018
4.9317
4.92244
4.91615
4.90857
4.89769
4.89065
4.89182
4.89814
4.90611
4.91656
4.93055
4.93667
4.94562
4.95016
4.96163
4.97259
4.98499
4.99911
5.01538
5.03017
5.03944
5.04214
5.05046
5.06359
5.07642
5.08575
5.09571
5.10227
5.09963
5.09908
5.09603
5.08709
5.08277
5.08055
5.08007
5.07888
5.07222
5.06216
5.0471
5.02447
5.01013
5.00197
4.99444
4.98875
4.986
4.98606
4.98375
4.97998
4.97881
4.9793
4.98396
4.99485
5.00482
5.0118
5.01535
5.01677
5.01946
5.01759
5.02008
5.02152
5.03145
5.04128
5.04794
5.05499
5.05887
5.06524
5.06616
5.07124
5.07948
5.08194
5.08347
5.08786
5.09171
5.08771
5.08238
5.07675
5.07949
5.08123
5.07644
5.06761
5.05299
5.03916
5.02885
5.02065
5.0189
5.01852
5.0217
5.0279
5.03699
5.03632
5.04528
5.05499
5.06476
5.07382
5.08169
5.08186
5.07834
5.0708
5.06292
5.05927
5.05414
5.04892
5.04995
5.04564
5.03752
5.0355
5.0318
5.02274
5.00652
4.99172
4.97999
4.96969
4.95726
4.94542
4.93518
4.92567
4.91677
4.91176
4.91319
4.91423
4.91089
4.90266
4.8874
4.87326
4.86366
4.8591
4.8592
4.85782
4.86235
4.86474
4.86539
4.86646
4.8748
4.88455
4.89414
4.90287
4.91496
4.92378
4.93362
4.93794
4.94268
4.94513
4.9485
4.94999
4.95579
4.95993
4.96219
4.96005
4.96094
4.95872
4.95271
4.94747
4.94136
4.92865
4.91286
4.90234
4.89305
4.87999
4.86893
4.86342
4.86177
4.86698
4.87213
4.87536
4.8814
4.88399
4.88746
4.89845
4.90528
4.91997
4.93221
4.94103
4.9515
4.96468
4.98378
5.00324
5.02507
5.04712
5.07447
5.09593
5.11128
5.11849
5.12544
5.12637
5.12747
5.12697
5.12654
5.12302
5.12001
5.11224
5.10402
5.09134
5.06953
5.05371
5.04086
5.02286
4.99996
4.9733
4.94964
4.92694
4.90862
4.88922
4.87678
4.86903
4.85745
4.8417
4.82929
4.81779
4.80911
4.80769
4.80926
4.81352
4.81862
4.82998
4.8459
4.86621
4.89609
4.92655
4.95448
4.98145
5.00825
5.03206
5.05719
5.0774
5.09843
5.11971
5.14007
5.159
5.17866
5.19491
5.19902
5.19631
5.1935
5.17907
5.16556
5.14924
5.13665
5.12069
5.09947
5.07722
5.05102
5.02429
5.00386
4.99099
4.98428
4.97737
4.96594
4.95109
4.93434
4.91685
4.89991
4.88215
4.86905
4.8593
4.8523
4.86239
4.87396
4.8893
4.90646
4.92986
4.9593
4.98934
5.02512
5.05495
5.08386
5.09756
5.10832
5.12084
5.13751
5.15489
5.17987
5.19763
5.2126
5.23248
5.25046
5.26299
5.27355
5.28065
5.28487
5.27554
5.2575
5.237
5.21553
5.1947
5.16703
5.14085
5.12102
5.09901
5.07758
5.06029
5.04727
5.02918
5.01179
4.99694
4.98138
4.96847
4.95963
4.95336
4.94734
4.94272
4.94188
4.9443
4.94747
4.95544
4.96692
4.98076
4.99593
5.01028
5.02117
5.02744
5.03566
5.04869
5.06541
5.07135
5.07714
5.07748
5.08306
5.09025
5.09425
5.09479
5.09934
5.09381
5.08616
5.07441
5.05433
5.03399
5.01272
4.99376
4.97726
4.96009
4.93575
4.91423
4.89648
4.87645
4.86467
4.85503
4.84668
4.83889
4.83177
4.82804
4.8256
4.8276
4.83377
4.84891
4.86561
4.88648
4.91093
4.93395
4.96007
4.97911
5.00376
5.02663
5.04588
5.06516
5.08924
5.1139
5.13355
5.14623
5.15597
5.16113
5.16298
5.167
5.16731
5.16204
5.15806
5.15234
5.1502
5.13867
5.13181
5.1252
5.11584
5.10406
5.09042
5.07079
5.05003
5.02329
4.99687
4.97736
4.96126
4.94464
4.92943
4.92047
4.91334
4.90433
4.89487
4.89314
4.89241
4.89667
4.89947
4.90119
4.90354
4.90482
4.90824
4.91941
4.93583
4.95411
4.97707
4.99316
5.00562
5.02151
5.03337
5.04272
5.04804
5.04681
5.04481
5.03728
5.02998
5.02259
5.02321
5.01274
5.00422
4.99646
4.99714
4.99708
4.99475
4.99048
4.98477
4.97336
4.96241
4.96029
4.95547
4.95052
4.94324
4.93971
4.93619
4.92771
4.9277
4.93012
4.93802
4.94953
4.95833
4.96226
4.96253
4.96283
4.96317
4.96709
4.97994
4.98991
5.00229
5.0154
5.02596
5.02884
5.03007
5.02929
5.02286
5.02081
5.01887
5.01344
5.00241
4.99228
4.97937
4.96542
4.95216
4.93549
4.93055
4.92802
4.92659
4.92559
4.92132
4.91208
4.90711
4.90523
4.90755
4.90914
4.91162
4.91933
4.92747
4.93596
4.94715
4.96458
4.98257
4.99858
5.01915
5.03772
5.05771
5.07261
5.0847
5.09612
5.11179
5.12134
5.13403
5.14418
5.15478
5.16899
5.17841
5.18575
5.18468
5.18456
5.17913
5.16393
5.14688
5.12588
5.10044
5.0724
5.04777
5.02221
5.00212
4.98239
4.96699
4.94899
4.93151
4.90998
4.88842
4.87203
4.85701
4.8472
4.83488
4.82573
4.81987
4.81316
4.81356
4.81525
4.82091
4.83168
4.84255
4.85177
4.8609
4.86674
4.87204
4.88642
4.9055
4.92657
4.95038
4.96471
4.98309
4.99933
5.01504
5.02632
5.03078
5.03229
5.03347
5.03046
5.02646
5.01981
5.01429
5.00542
4.99999
4.99734
4.99685
4.99557
4.99436
4.98347
4.97723
4.9673
4.95628
4.95406
4.94867
4.94546
4.94579
4.94893
4.94911
4.95017
4.9558
4.96016
4.96243
4.96702
4.96955
4.97207
4.97425
4.96871
4.96708
4.97026
4.98034
4.99669
5.01276
5.02898
5.04239
5.05238
5.05748
5.06023
5.063
5.0662
5.07288
5.07427
5.07356
5.06739
5.0597
5.05141
5.04804
5.04596
5.04364
5.03953
5.03757
5.03787
5.04082
5.03495
5.03403
5.03581
5.03807
5.03922
5.04058
5.04797
5.05269
5.05733
5.06841
5.08936
5.11006
5.12535
5.14343
5.1623
5.17492
5.17679
5.17153
5.16611
5.16392
5.169
5.17305
5.17781
5.17669
5.17778
5.17986
5.17292
5.16674
5.16066
5.15595
5.13739
5.12168
5.09825
5.06977
5.03853
5.0072
4.98184
4.96414
4.94601
4.93011
4.91512
4.89967
4.88075
4.87062
4.8602
4.84822
4.83713
4.82836
4.82316
4.8164
4.80642
4.80464
4.80684
4.81359
4.82629
4.84443
4.86309
4.88332
4.89944
4.91292
4.92599
4.94303
4.95846
4.98111
5.00006
5.00621
5.01326
5.01248
5.01327
5.01246
5.0169
5.0231
5.02689
5.02701
5.02682
5.02099
5.01255
5.0043
4.9939
4.98901
4.97889
4.97422
4.96699
4.9615
4.95089
4.94504
4.94023
4.93465
4.92855
4.92649
4.93009
4.93708
4.94524
4.95671
4.9654
4.96355
4.96507
4.97129
4.98058
4.99433
5.00197
5.0129
5.02663
5.03792
5.05182
5.06979
5.08129
5.08621
5.0871
5.08081
5.07984
5.07297
5.06052
5.04875
5.03327
5.02115
5.00774
4.99541
4.98132
4.97405
4.97218
4.97608
4.97748
4.97599
4.96927
4.96406
4.95148
4.94114
4.93642
4.93125
4.9261
4.93029
4.93581
4.93885
4.94075
4.94624
4.95952
4.97303
4.98472
4.99529
5.00338
5.01229
5.01817
5.026
5.0352
5.04456
5.05233
5.05821
5.06078
5.06095
5.05959
5.05339
5.04635
5.03231
5.01918
5.00811
4.99437
4.97651
4.95926
4.93957
4.9172
4.90264
4.89092
4.88637
4.88253
4.88561
4.88149
4.88099
4.874
4.86874
4.86855
4.87099
4.87638
4.88045
4.8856
4.89703
4.90852
4.92719
4.94968
4.97465
4.99939
5.02221
5.04441
5.05778
5.06759
5.07621
5.09112
5.10881
5.12051
5.13609
5.1517
5.16111
5.16793
5.17617
5.18171
5.17852
5.17379
5.16749
5.15549
5.1326
5.10753
5.07662
5.04598
5.02012
4.99138
4.9691
4.94581
4.92522
4.90218
4.87762
4.85061
4.82963
4.81429
4.80179
4.78942
4.78154
4.77987
4.78003
4.77854
4.78661
4.79832
4.80935
4.82058
4.84155
4.86085
4.88038
4.89594
4.91332
4.93319
4.96268
4.99005
5.02021
5.05105
5.07601
5.10129
5.11922
5.13414
5.14551
5.15673
5.1624
5.16561
5.16396
5.16128
5.15539
5.14872
5.1382
5.12495
5.12022
5.11985
5.11973
5.1145
5.10199
5.07822
5.05831
5.04079
5.02753
5.00961
4.99174
4.97375
4.95392
4.93524
4.92278
4.91273
4.90769
4.90264
4.90008
4.89425
4.88444
4.87518
4.8719
4.87521
4.8823
4.88474
4.89038
4.89419
4.89562
4.89902
4.90547
4.91068
4.9102
4.90846
4.90838
4.90656
4.90116
4.89879
4.89155
4.88541
4.88572
4.88395
4.88732
4.88987
4.89767
4.90171
4.90786
4.91949
4.92652
4.93586
4.94463
4.96012
4.97598
4.99213
5.00906
5.02364
5.04204
5.05953
5.07508
5.08677
5.10293
5.1144
5.12715
5.12799
5.13179
5.14054
5.14867
5.15643
5.16526
5.16676
5.1596
5.15203
5.14162
5.13419
5.1215
5.1047
5.09028
5.06733
5.03994
5.0058
4.97191
4.94162
4.91548
4.89436
4.87743
4.86388
4.84922
4.83647
4.82634
4.814
4.80394
4.79589
4.79049
4.78348
4.78447
4.79326
4.80185
4.81087
4.83117
4.85822
4.88994
4.9248
4.96627
5.00741
5.04733
5.07092
5.09401
5.11068
5.13045
5.15515
5.17883
5.19911
5.21333
5.23192
5.24974
5.26573
5.27478
5.28419
5.28759
5.28479
5.27042
5.25423
5.2372
5.21922
5.20357
5.18457
5.16959
5.15256
5.1323
5.11186
5.09107
5.06369
5.04297
5.026
5.012
4.99858
4.98531
4.97079
4.95661
4.94412
4.93747
4.93229
4.92923
4.93185
4.93935
4.94997
4.9627
4.97434
4.98758
4.99329
5.00513
5.01865
5.03817
5.05569
5.06769
5.0793
5.09459
5.10528
5.11474
5.12424
5.1344
5.14235
5.14778
5.15337
5.15648
5.16173
5.16141
5.15713
5.15762
5.1528
5.14347
5.13298
5.11861
5.10935
5.10315
5.09597
5.08751
5.0847
5.08594
5.09109
5.09131
5.08542
5.07963
5.07481
5.06957
5.06654
5.06347
5.05584
5.04962
5.03927
5.03241
5.02686
5.02401
5.01911
5.02511
5.02811
5.02698
5.01914
5.00782
4.99688
4.984
4.96919
4.95657
4.94182
4.92462
4.90927
4.89934
4.88569
4.87543
4.86895
4.86876
4.86966
4.86769
4.86259
4.85503
4.84422
4.83885
4.83573
4.83373
4.83281
4.83914
4.85064
4.86508
4.88124
4.89922
4.91558
4.92618
4.94146
4.95388
4.96187
4.97385
4.97958
4.98344
4.98684
4.98754
4.98942
4.99472
4.99749
5.00163
5.00286
5.00222
5.00302
4.99796
4.98766
4.97832
4.96508
4.94667
4.92765
4.90112
4.87136
4.8453
4.82566
4.81655
4.80881
4.79484
4.77792
4.76538
4.75358
4.74123
4.7363
4.73255
4.73084
4.73018
4.72727
4.73643
4.74753
4.76915
4.79407
4.82272
4.84648
4.87515
4.89695
4.91467
4.93151
4.94866
4.96352
4.97927
4.99876
5.02097
5.0428
5.06294
5.07835
5.09342
5.10326
5.1086
5.11674
5.12499
5.12975
5.12313
5.1196
5.11436
5.10813
5.10149
5.09481
5.09432
5.09771
5.09908
5.09564
5.08647
5.06907
5.05511
5.04272
5.0312
5.0219
5.01444
5.00627
4.99965
4.99156
4.98573
4.97849
4.97402
4.97285
4.97264
4.96681
4.96095
4.95045
4.94069
4.93145
4.92657
4.91863
4.91312
4.90582
4.8981
4.89243
4.8912
4.88495
4.87492
4.86793
4.86234
4.85304
4.8412
4.83149
4.81956
4.80253
4.7906
4.78676
4.78596
4.78468
4.78348
4.7804
4.7767
4.77282
4.77589
4.78511
4.80263
4.82111
4.83423
4.85614
4.87195
4.89445
4.92414
4.95365
4.98571
5.0194
5.05163
5.07456
5.09476
5.10721
5.12116
5.12828
5.13411
5.13664
5.14423
5.14733
5.14523
5.14115
5.13313
5.11635
5.10015
5.08581
5.07199
5.05547
5.03712
5.02097
5.0022
4.98387
4.96608
4.94991
4.94124
4.93272
4.92592
4.91293
4.90036
4.88835
4.87423
4.8631
4.85368
4.84833
4.84746
4.85237
4.85619
4.86372
4.87565
4.89909
4.92274
4.94992
4.9831
5.01245
5.0374
5.05363
5.06644
5.07617
5.08854
5.0991
5.11567
5.12117
5.12174
5.11717
5.11355
5.10524
5.09355
5.07858
5.06281
5.03923
5.01644
4.9919
4.96799
4.94539
4.92571
4.90503
4.88704
4.87014
4.85173
4.84187
4.83322
4.81805
4.80618
4.79632
4.78916
4.78755
4.7879
4.79173
4.79998
4.81234
4.82701
4.85237
4.88091
4.9116
4.94295
4.9724
4.99801
5.01327
5.02679
5.04047
5.05682
5.07288
5.09519
5.1091
5.11766
5.12934
5.14105
5.14972
5.15037
5.14934
5.1464
5.12957
5.11106
5.08861
5.06593
5.03338
5.00195
4.97404
4.94919
4.92359
4.89012
4.85727
4.82788
4.80118
4.78567
4.77541
4.77079
4.76737
4.76537
4.76813
4.77203
4.77236
4.77433
4.7795
4.78935
4.80658
4.82585
4.85109
4.87996
4.90734
4.93908
4.96857
5.00069
5.03901
5.07459
5.09789
5.1147
5.13072
5.14314
5.15307
5.16136
5.16975
5.17961
5.18769
5.18646
5.18479
5.18632
5.18225
5.17593
5.16126
5.15192
5.14061
5.12488
5.10274
5.08378
5.05898
5.03497
5.01897
5.00504
4.99356
4.98537
4.98801
4.98406
4.97577
4.97084
4.97014
4.97063
4.97436
4.98146
4.98882
4.99355
4.99343
4.99608
5.00183
5.01334
5.02653
5.0451
5.06076
5.07462
5.08414
5.09522
5.10554
5.1147
5.11728
5.1137
5.09893
5.08424
5.06943
5.05867
5.04432
5.03736
5.03127
5.03369
5.03265
5.02227
5.01248
4.99662
4.97641
4.95698
4.94001
4.92386
4.9142
4.90924
4.90966
4.91022
4.90723
4.90695
4.91475
4.92939
4.94292
4.95444
4.96253
4.97151
4.97992
4.98223
4.9872
4.99636
5.0062
5.02356
5.04652
5.0712
5.09468
5.11004
5.12292
5.12971
5.13908
5.14522
5.1423
5.13614
5.12154
5.11069
5.09405
5.07458
5.05832
5.05284
5.04293
5.03552
5.01914
5.0037
4.98324
4.96617
4.95473
4.93908
4.92117
4.90049
4.88699
4.87916
4.87271
4.87143
4.8754
4.88186
4.89081
4.90327
4.91311
4.92308
4.93166
4.93505
4.94242
4.94578
4.95308
4.96205
4.96932
4.98164
4.99186
5.00358
5.01124
5.02253
5.03196
5.04567
5.06213
5.07521
5.08989
5.10135
5.10528
5.1083
5.10997
5.11379
5.11615
5.11512
5.10467
5.09597
5.08016
5.07235
5.07298
5.0716
5.06904
5.06559
5.06647
5.06478
5.06445
5.07055
5.07923
5.08759
5.09669
5.09939
5.09581
5.09212
5.08467
5.07945
5.07375
5.07018
5.06657
5.06441
5.06054
5.0554
5.04824
5.04143
5.03218
5.02378
5.02104
5.02087
5.01377
5.00536
5.00011
4.99135
4.9787
4.97224
4.9688
4.96591
4.96946
4.97248
4.97056
4.96744
4.95472
4.95275
4.95231
4.95411
4.95717
4.95969
4.96592
4.97533
4.98714
5.00387
5.02212
5.04153
5.06281
5.08673
5.10819
5.1233
5.1359
5.1414
5.14406
5.14996
5.15288
5.15671
5.15881
5.16036
5.15904
5.15512
5.14493
5.13026
5.11945
5.11087
5.09434
5.07631
5.05418
5.02919
5.00515
4.98324
4.96597
4.95085
4.93169
4.91437
4.89835
4.88162
4.86501
4.85143
4.83908
4.82804
4.82264
4.81978
4.8196
4.81874
4.82278
4.8355
4.84885
4.86812
4.88858
4.91128
4.93363
4.9557
4.96536
4.97696
4.99153
5.00809
5.02375
5.03907
5.05708
5.06958
5.0784
5.08381
5.08978
5.09318
5.09646
5.09832
5.09424
5.09295
5.09017
5.08379
5.06989
5.05721
5.04679
5.04187
5.03528
5.0324
5.02581
5.01608
5.00519
4.99504
4.99278
4.99664
4.99192
4.9891
4.98931
4.99113
4.99078
4.99323
5.00375
5.01562
5.02974
5.04644
5.06601
5.08097
5.08661
5.0909
5.09925
5.1076
5.11362
5.12909
5.13516
5.13439
5.13948
5.13747
5.1376
5.1329
5.12731
5.1219
5.10842
5.09941
5.09099
5.08293
5.07321
5.06598
5.0554
5.0452
5.03105
5.01553
4.9996
4.98889
4.97707
4.971
4.96608
4.95871
4.95268
4.95078
4.95252
4.95519
4.95145
4.94942
4.95136
4.95264
4.95882
4.96581
4.97176
4.98109
4.98326
4.98491
4.98609
4.99288
5.00216
5.01652
5.02617
5.02341
5.01729
5.01109
5.0079
4.99954
4.99299
4.98527
4.97561
4.96363
4.94847
4.93462
4.9214
4.91044
4.89987
4.89298
4.87989
4.86831
4.85669
4.84544
4.83025
4.82088
4.81249
4.79903
4.79657
4.79929
4.80662
4.81512
4.82048
4.83321
4.85334
4.87637
4.89703
4.91799
4.93009
4.9373
4.94115
4.94761
4.96044
4.97779
4.99456
5.01721
5.03827
5.05406
5.0652
5.07404
5.07992
5.08221
5.08158
5.07537
5.06443
5.04891
5.03515
5.01722
4.99965
4.99338
4.98495
4.98745
4.99173
4.99953
4.99911
4.99244
4.97593
4.95668
4.93991
4.92733
4.91431
4.90724
4.9074
4.90754
4.90727
4.91183
4.92063
4.92684
4.93343
4.94179
4.95354
4.96091
4.96345
4.96596
4.96553
4.96726
4.97089
4.97659
4.97692
4.97755
4.98315
4.97988
4.97969
4.976
4.97108
4.97047
4.96278
4.95053
4.93933
4.92175
4.90245
4.88354
4.86561
4.85631
4.84985
4.84768
4.84232
4.84052
4.83537
4.83361
4.83582
4.83999
4.84101
4.85032
4.86204
4.87491
4.88787
4.90925
4.92804
4.95168
4.97444
5.00277
5.02295
5.04085
5.0566
5.06992
5.08803
5.09938
5.11501
5.13096
5.14703
5.15522
5.15753
5.15967
5.16328
5.16068
5.15687
5.15493
5.14861
5.1358
5.12188
5.10113
5.07984
5.05485
5.03104
5.0165
5.00373
4.99669
4.9843
4.96689
4.94607
4.93077
4.92243
4.91865
4.91234
4.91176
4.91424
4.91462
4.91356
4.91912
4.92728
4.93438
4.94255
4.95912
4.97167
4.98701
4.99996
5.01571
5.03205
5.04964
5.06086
5.07235
5.08241
5.09045
5.10134
5.11294
5.11524
5.10968
5.09793
5.08532
5.0732
5.05827
5.03918
5.01955
5.0003
4.98236
4.97111
4.96386
4.96253
4.95849
4.95294
4.94668
4.93717
4.92882
4.92471
4.91634
4.90929
4.90019
4.89342
4.88936
4.88354
4.89004
4.90206
4.912
4.92129
4.93536
4.94458
4.95599
4.95842
4.96624
4.97231
4.98616
5.00058
5.01876
5.03645
5.04801
5.05803
5.06419
5.06937
5.0697
5.07153
5.07393
5.07
5.05983
5.04471
5.02503
5.00506
4.98914
4.97366
4.96359
4.9576
4.94803
4.93485
4.92183
4.90531
4.8916
4.88089
4.87396
4.87165
4.8679
4.86344
4.85746
4.85441
4.85825
4.86095
4.86401
4.86653
4.87488
4.88669
4.89678
4.90026
4.90646
4.91974
4.9364
4.95001
4.96495
4.98276
4.99541
5.00138
5.00939
5.01383
5.01509
5.01713
5.0258
5.03144
5.03236
5.03005
5.02387
5.01443
5.00963
5.00574
5.00839
5.00811
5.00527
5.00585
5.0036
4.99729
4.99061
4.98661
4.98626
4.98172
4.98036
4.98068
4.97736
4.97499
4.9786
4.9853
4.99028
4.99413
5.0014
5.01059
5.01934
5.02146
5.02457
5.02587
5.03166
5.03276
5.03982
5.03945
5.03477
5.03238
5.02759
5.02601
5.01671
5.00994
5.00122
4.98827
4.96895
4.94814
4.92921
4.90837
4.888
4.86973
4.85887
4.84452
4.82847
4.81302
4.79934
4.78887
4.77936
4.77574
4.7756
4.78007
4.79081
4.80281
4.81635
4.82664
4.83803
4.84539
4.85384
4.86941
4.88473
4.9023
4.91588
4.92289
4.93206
4.94277
4.95981
4.97774
5.00877
5.02896
5.0416
5.05204
5.06442
5.07423
5.08124
5.08408
5.08576
5.08214
5.07278
5.06569
5.05922
5.05929
5.06079
5.06117
5.0598
5.05763
5.05393
5.04389
5.03502
5.02582
5.01867
5.01088
5.00367
5.00468
5.00606
5.01049
5.01728
5.02419
5.03607
5.05037
5.059
5.06569
5.07327
5.0766
5.07993
5.07662
5.07323
5.06879
5.0659
5.06608
5.07221
5.07587
5.08099
5.07746
5.07542
5.07155
5.06264
5.05108
5.03673
5.01578
4.99108
4.96514
4.94054
4.91688
4.90144
4.88864
4.88214
4.87691
4.8673
4.85311
4.83888
4.82489
4.81615
4.80991
4.80161
4.79869
4.80068
4.80669
4.81408
4.82284
4.8382
4.85923
4.88167
4.90688
4.93516
4.95655
4.97811
4.99696
5.01245
5.02386
5.04069
5.0566
5.07134
5.08463
5.09231
5.10149
5.10819
5.11339
5.11986
5.1243
5.13066
5.13025
5.12317
5.11309
5.1012
5.08275
5.06594
5.04991
5.03957
5.03623
5.03253
5.02796
5.02583
5.02129
5.01722
5.01495
5.00785
5.00279
4.99353
4.98718
4.98093
4.97496
4.97204
4.97106
4.97872
4.99276
5.01381
5.02973
5.03967
5.04503
5.05598
5.0669
5.07767
5.08785
5.10016
5.10402
5.10134
5.10149
5.10242
5.09809
5.09003
5.07706
5.07116
5.06007
5.04761
5.03917
5.02452
5.0152
5.00613
4.99486
4.99076
4.9874
4.98933
4.98564
4.97793
4.97076
4.9651
4.96315
4.96703
4.96981
4.97478
4.98832
4.99905
5.01252
5.03043
5.05107
5.06737
5.07656
5.08843
5.09293
5.1034
5.11039
5.12102
5.12669
5.13386
5.14203
5.15247
5.1605
5.16422
5.16839
5.16858
5.16318
5.14803
5.13802
5.12704
5.10802
5.08149
5.05267
5.02669
5.00107
4.97853
4.96207
4.95407
4.94546
4.93839
4.93
4.91709
4.89559
4.88052
4.87446
4.87111
4.86924
4.86851
4.87283
4.87921
4.88901
4.90461
4.92353
4.94235
4.97011
5.0001
5.02199
5.04662
5.06601
5.0854
5.10122
5.11941
5.13518
5.1527
5.16345
5.16957
5.176
5.18725
5.19106
5.18964
5.18507
5.18002
5.17007
5.1578
5.14579
5.13267
5.11525
5.09926
5.08632
5.07508
5.06755
5.05652
5.048
5.0436
5.03549
5.02308
5.01381
5.00722
5.00549
5.00167
4.99682
4.98893
4.98138
4.97775
4.98163
4.98638
4.99038
4.99789
5.00682
5.01558
5.01644
5.02176
5.0279
5.03743
5.04604
5.05256
5.05301
5.04841
5.04311
5.03903
5.03177
5.02203
5.0082
4.99796
4.98205
4.96188
4.94336
4.92011
4.88532
4.85736
4.82979
4.81227
4.79611
4.77977
4.76352
4.7518
4.73877
4.73355
4.73913
4.74925
4.76225
4.77798
4.80018
4.82068
4.84217
4.86586
4.89224
4.91989
4.94765
4.97422
5.00603
5.03145
5.04805
5.0598
5.07454
5.09276
5.11604
5.14147
5.16245
5.18175
5.19422
5.20643
5.2076
5.20202
5.19229
5.18321
5.1681
5.14939
5.12636
5.10198
5.07188
5.04679
5.01976
4.99777
4.96849
4.934
4.91139
4.8867
4.86123
4.83455
4.81115
4.79512
4.78471
4.78035
4.78005
4.7827
4.7851
4.79625
4.80866
4.82042
4.839
4.85919
4.87784
4.89879
4.91904
4.93854
4.96016
4.98914
5.01716
5.05385
5.08546
5.10895
5.13106
5.15016
5.16222
5.17191
5.18071
5.18247
5.17922
5.16948
5.15803
5.14861
5.13971
5.12732
5.10912
5.09988
5.08572
5.06959
5.04651
5.0228
4.9935
4.9659
4.93509
4.90331
4.87567
4.84942
4.83683
4.82574
4.81555
4.81302
4.81682
4.82053
4.82969
4.83957
4.84647
4.85562
4.86006
4.86267
4.8706
4.87864
4.89462
4.91527
4.93629
4.96081
4.98265
5.00431
5.02753
5.04986
5.07021
5.08736
5.09648
5.10119
5.10066
5.10255
5.09741
5.09962
5.10332
5.11111
5.11661
5.1203
5.11656
5.11409
5.10321
5.09391
5.08761
5.07925
5.06782
5.05421
5.043
5.03353
5.02583
5.01644
5.01312
5.01292
5.01539
5.01767
5.02607
5.03324
5.03259
5.02968
5.02544
5.02001
5.01692
5.01491
5.01079
5.00923
5.00543
5.00065
4.99882
4.99515
4.99581
4.99445
4.98635
4.97606
4.96821
4.95732
4.93544
4.91952
4.90597
4.9002
4.89155
4.8794
4.86462
4.85705
4.84558
4.84251
4.84387
4.84649
4.84711
4.84925
4.85334
4.85615
4.85815
4.86755
4.88941
4.91249
4.93524
4.9589
4.97638
4.98855
4.99889
5.00922
5.0182
5.03172
5.04428
5.0555
5.06852
5.07675
5.08356
5.08861
5.08837
5.08567
5.08198
5.0804
5.07899
5.07259
5.06139
5.05068
5.03882
5.02713
5.01571
5.00415
4.98707
4.96802
4.94422
4.91918
4.88494
4.86408
4.85154
4.84319
4.83196
4.82242
4.82263
4.82345
4.82407
4.82652
4.83264
4.83548
4.83993
4.8496
4.85554
4.86305
4.86594
4.86731
4.87448
4.88538
4.89482
4.91461
4.93615
4.95458
4.97438
4.98874
4.99987
5.00638
5.0184
5.03291
5.04192
5.05114
5.05974
5.06598
5.06763
5.07325
5.08284
5.09197
5.10179
5.11157
5.11899
5.12173
5.12172
5.12628
5.13415
5.14533
5.14767
5.14699
5.14693
5.14721
5.14935
5.15606
5.16415
5.17542
5.18789
5.19489
5.19954
5.20262
5.19759
5.19182
5.1843
5.17746
5.16762
5.16193
5.14892
5.13644
5.1234
5.11225
5.10628
5.09416
5.08836
5.08276
5.07201
5.06125
5.04963
5.03865
5.02448
5.00996
4.99435
4.98758
4.98571
4.99054
4.98916
4.98924
4.98718
4.98946
5.0041
5.01644
5.02815
5.04145
5.0532
5.06381
5.07477
5.08736
5.10396
5.12056
5.13708
5.15075
5.15898
5.16594
5.16535
5.16573
5.16847
5.17113
5.17236
5.16912
5.16279
5.15468
5.14076
5.12254
5.10277
5.07757
5.05116
5.0277
5.00097
4.97635
4.94604
4.91585
4.88654
4.86162
4.84066
4.82516
4.80821
4.79188
4.77882
4.76919
4.75435
4.74456
4.73594
4.72949
4.73408
4.74407
4.76221
4.78509
4.80365
4.83194
4.86198
4.89781
4.93061
4.96609
5.00186
5.03372
5.05738
5.07349
5.09792
5.12755
5.1586
5.19255
5.22039
5.23711
5.25084
5.25876
5.2636
5.26182
5.26238
5.25143
5.23579
5.21808
5.20226
5.18354
5.1629
5.14599
5.12348
5.10525
5.0806
5.0559
5.02134
4.98682
4.94862
4.91561
4.88524
4.86053
4.84105
4.82814
4.81977
4.81366
4.80824
4.80863
4.81312
4.82582
4.84277
4.86007
4.87619
4.88888
4.89801
4.90823
4.92096
4.94177
4.96156
4.98746
5.00972
5.02879
5.04749
5.06128
5.07272
5.08088
5.08588
5.09186
5.09413
5.09327
5.09618
5.09416
5.09233
5.08719
5.0792
5.071
5.06695
5.06821
5.06725
5.06473
5.05515
5.04618
5.03638
5.02246
5.01179
5.00451
5.00015
4.99174
4.98268
4.98462
4.9903
4.9992
5.00733
5.01925
5.02655
5.0312
5.02937
5.02699
5.02803
5.02656
5.02928
5.0365
5.04183
5.04624
5.04624
5.0446
5.04472
5.04649
5.04424
5.03766
5.0244
5.01251
5.001
4.98673
4.97286
4.96144
4.95346
4.95382
4.95663
4.96042
4.96044
4.96304
4.96171
4.96638
4.96673
4.96355
4.95754
4.9571
4.96703
4.97574
4.97799
4.98651
5.00091
5.01475
5.03314
5.05622
5.07421
5.08628
5.0912
5.09476
5.10276
5.10868
5.1146
5.12336
5.12758
5.12766
5.12926
5.12544
5.12187
5.12005
5.12346
5.12806
5.12154
5.11177
5.09795
5.07943
5.05618
5.03021
5.00485
4.9839
4.96472
4.94464
4.92353
4.90533
4.89078
4.88127
4.87579
4.87006
4.86163
4.85851
4.85723
4.86331
4.86805
4.88066
4.89503
4.90774
4.9195
4.93501
4.94866
4.96207
4.97125
4.98832
5.00371
5.02042
5.03671
5.05438
5.07468
5.08653
5.09693
5.10376
5.10857
5.10671
5.10333
5.10547
5.10457
5.0973
5.0898
5.07903
5.06648
5.05299
5.04321
5.03385
5.02919
5.01693
4.99958
4.98092
4.95345
4.9365
4.92722
4.92228
4.91398
4.91135
4.90683
4.90426
4.90122
4.90269
4.90539
4.90663
4.90387
4.90777
4.91278
4.91704
4.92104
4.9318
4.93784
4.94961
4.9612
4.97886
4.999
5.01358
5.02826
5.03926
5.05021
5.05862
5.06968
5.0782
5.08293
5.08048
5.07644
5.07102
5.06767
5.0683
5.07048
5.07811
5.08792
5.09551
5.10093
5.10352
5.10229
5.1044
5.11046
5.12022
5.12604
5.13139
5.14121
5.15145
5.16349
5.18246
5.20108
5.2174
5.23755
5.26087
5.27676
5.28853
5.29482
5.29632
5.29229
5.29075
5.28036
5.27933
5.27494
5.27023
5.26687
5.26126
5.25338
5.23571
5.21613
5.19836
5.18309
5.1629
5.13637
5.10721
5.07684
5.04639
5.01702
4.99303
4.96672
4.94344
4.91772
4.88953
4.86719
4.84325
4.82638
4.81028
4.79886
4.79307
4.78951
4.79057
4.79801
4.81343
4.8289
4.84371
4.86232
4.88192
4.90046
4.92906
4.94805
4.97093
4.99695
5.02239
5.04335
5.07033
5.09297
5.10694
5.11533
5.12481
5.13259
5.13518
5.13483
5.13825
5.13838
5.13466
5.13037
5.12341
5.11771
5.10924
5.10171
5.096
5.08556
5.07219
5.05275
5.0315
5.00352
4.98018
4.96086
4.94379
4.93143
4.92282
4.92003
4.91801
4.91788
4.92003
4.92561
4.93447
4.94362
4.95496
4.96662
4.97427
4.97535
4.97775
4.98475
4.99617
5.00964
5.02621
5.03555
5.04591
5.05336
5.06412
5.07427
5.08113
5.08775
5.09603
5.09595
5.09134
5.08778
5.08272
5.07848
5.07396
5.06725
5.0678
5.06839
5.06363
5.06198
5.06123
5.0542
5.04127
5.03218
5.022
5.0181
5.01473
5.01224
5.01086
5.00531
5.00804
5.00847
5.0134
5.01877
5.02222
5.02382
5.02287
5.02035
5.01729
5.0116
5.00794
5.00775
5.01089
5.00959
5.00374
4.99657
4.99514
4.99233
4.98626
4.97638
4.96803
4.95547
4.93785
4.91964
4.89736
4.87245
4.85352
4.8385
4.83775
4.83684
4.83866
4.83393
4.82475
4.81413
4.80674
4.80009
4.79215
4.79173
4.79106
4.79522
4.79755
4.8042
4.81121
4.82492
4.84745
4.8723
4.89971
4.92028
4.93607
4.94195
4.94567
4.95267
4.96329
4.97144
4.98452
4.99465
4.99593
4.99789
5.00251
5.00172
5.00223
4.99729
4.99276
4.97792
4.95944
4.9419
4.9238
4.90389
4.88655
4.8733
4.86435
4.86187
4.86269
4.86408
4.86367
4.85916
4.84932
4.8409
4.83476
4.83616
4.84268
4.85157
4.85616
4.85457
4.857
4.86515
4.87464
4.88834
4.91147
4.92977
4.95121
4.96716
4.97898
4.98954
5.0026
5.01746
5.03235
5.03792
5.04028
5.04381
5.03994
5.03474
5.02366
5.01242
5.00411
4.98675
4.97238
4.95831
4.94912
4.93761
4.92301
4.90714
4.89857
4.89018
4.88193
4.8722
4.8647
4.85941
4.85636
4.85906
4.86368
4.86802
4.86937
4.87297
4.87922
4.88374
4.89281
4.90836
4.92458
4.94289
4.96128
4.97656
4.9897
5.00161
5.02092
5.03909
5.05751
5.07715
5.09944
5.11818
5.1306
5.13953
5.14326
5.13622
5.12727
5.11991
5.11751
5.10915
5.09347
5.07706
5.06065
5.04042
5.0228
5.00513
4.99531
4.98689
4.97184
4.95082
4.92621
4.9036
4.88916
4.8807
4.87857
4.87611
4.87554
4.88125
4.89027
4.90304
4.91906
4.93909
4.95449
4.97311
4.99298
5.01084
5.02963
5.04027
5.05393
5.06398
5.08024
5.09714
5.11675
5.1323
5.14521
5.1593
5.17053
5.1795
5.18409
5.18697
5.18677
5.17973
5.16551
5.15267
5.13529
5.11313
5.09367
5.07841
5.07165
5.06824
5.06177
5.05252
5.04414
5.0286
5.01379
5.00228
4.99028
4.97718
4.9643
4.95499
4.94846
4.94614
4.94885
4.95341
4.96509
4.98241
4.99888
5.0138
5.0255
5.03812
5.04929
5.0544
5.06522
5.07217
5.08353
5.08848
5.09086
5.08923
5.08918
5.08326
5.07278
5.05928
5.04713
5.03347
5.01556
4.99168
4.9669
4.94341
4.92975
4.91544
4.90861
4.89901
4.88526
4.87185
4.85841
4.84563
4.8324
4.82632
4.82661
4.83002
4.83479
4.84338
4.85186
4.86169
4.87388
4.88841
4.89961
4.91242
4.9274
4.94664
4.96929
4.99112
5.01215
5.0338
5.0583
5.08303
5.10941
5.1346
5.15524
5.17564
5.18975
5.19244
5.19239
5.19151
5.19295
5.18851
5.18206
5.16694
5.14863
5.12958
5.11392
5.09848
5.08818
5.06936
5.04853
5.02738
5.0052
4.98191
4.95736
4.93845
4.92651
4.9147
4.90931
4.90775
4.90532
4.90568
4.91367
4.92436
4.93254
4.93933
4.9479
4.95587
4.97053
4.97894
4.98326
4.99366
5.00477
5.02245
5.03907
5.05308
5.0675
5.08446
5.10229
5.1198
5.12846
5.13058
5.12598
5.10926
5.08899
5.07357
5.06108
5.04338
5.03074
5.02405
5.02414
5.01856
5.0141
5.00767
5.00423
4.98784
4.97964
4.97513
4.96358
4.95703
4.94674
4.94065
4.93602
4.9345
4.93845
4.94377
4.95526
4.9755
4.99348
5.00856
5.02368
5.03338
5.0437
5.05155
5.06076
5.07571
5.09718
5.1111
5.12034
5.12455
5.13126
5.13776
5.1439
5.14917
5.14904
5.14046
5.12495
5.10536
5.08145
5.0535
5.03355
5.01218
4.99813
4.9844
4.96776
4.95404
4.94336
4.92545
4.91029
4.8955
4.87982
4.87088
4.86205
4.8612
4.85735
4.85204
4.85193
4.85691
4.86284
4.86919
4.88278
4.89793
4.91422
4.92413
4.93704
4.94964
4.96551
4.98648
5.00805
5.02822
5.03807
5.04613
5.05552
5.06606
5.07547
5.08353
5.08694
5.08489
5.0815
5.07598
5.06851
5.05257
5.0387
5.0257
5.01704
5.00289
4.99009
4.97401
4.95756
4.93727
4.92103
4.90408
4.89003
4.87538
4.86574
4.86382
4.85755
4.84727
4.8345
4.83271
4.8341
4.84138
4.85272
4.86257
4.87677
4.89029
4.90435
4.9221
4.94587
4.96488
4.9841
4.99984
5.01231
5.02702
5.04103
5.05724
5.06739
5.08086
5.09933
5.1139
5.12393
5.1326
5.13942
5.13576
5.13206
5.12865
5.12602
5.11839
5.11367
5.10408
5.09819
5.08611
5.07412
5.06708
5.06154
5.05506
5.04992
5.04254
5.0376
5.02851
5.02295
5.01792
5.01308
5.00465
5.00038
5.0009
4.99621
4.98446
4.96542
4.95584
4.94588
4.94067
4.94065
4.9393
4.93773
4.93853
4.93653
4.93493
4.92722
4.92522
4.92373
4.91509
4.90695
4.90063
4.89788
4.89495
4.89773
4.89704
4.9044
4.9128
4.91544
4.91094
4.90766
4.89987
4.89783
4.90014
4.90561
4.90598
4.9121
4.91945
4.92761
4.93117
4.93882
4.95577
4.96957
4.98127
4.99409
5.00581
5.01559
5.0176
5.02375
5.0312
5.03931
5.04598
5.05364
5.06141
5.06796
5.07469
5.07791
5.07748
5.07147
5.06517
5.05256
5.03823
5.02454
5.00809
4.99488
4.97969
4.9681
4.96388
4.95821
4.95593
4.95518
4.95221
4.94616
4.93528
4.9283
4.92843
4.9318
4.9361
4.93485
4.93437
4.93728
4.93429
4.94233
4.95386
4.9695
4.98827
5.00828
5.02188
5.03674
5.04226
5.04751
5.05476
5.06421
5.06834
5.07842
5.08742
5.09258
5.09544
5.09224
5.08478
5.07186
5.06059
5.05158
5.0468
5.03693
5.02704
5.01508
5.00132
4.99457
4.98777
4.98902
4.98948
4.99083
4.98884
4.98514
4.98445
4.99004
4.9988
5.00679
5.01859
5.03043
5.045
5.05414
5.06035
5.07508
5.0877
5.09955
5.10707
5.1163
5.12878
5.14106
5.14788
5.151
5.15667
5.16633
5.1783
5.18844
5.19468
5.1962
5.18739
5.17255
5.15503
5.13272
5.10973
5.08624
5.05795
5.03201
5.00495
4.97571
4.95182
4.9328
4.91532
4.90663
4.90247
4.89831
4.89499
4.89206
4.87968
4.87253
4.87036
4.87212
4.87324
4.88173
4.89411
4.90793
4.92939
4.95417
4.98607
5.02101
5.04942
5.08391
5.11293
5.13505
5.14965
5.1637
5.17475
5.18737
5.19909
5.21126
5.22007
5.22824
5.23736
5.24512
5.24735
5.23987
5.23041
5.21652
5.19418
5.16913
5.14395
5.1094
5.0752
5.04095
5.01149
4.98796
4.96315
4.94092
4.91576
4.89101
4.86034
4.83268
4.80631
4.78325
4.7664
4.75565
4.74769
4.73787
4.73187
4.73513
4.73929
4.74774
4.76241
4.77976
4.79286
4.80821
4.81774
4.82715
4.83653
4.84664
4.86158
4.88245
4.89855
4.91116
4.92595
4.94298
4.95919
4.97408
4.98332
4.98842
4.99026
4.9853
4.97733
4.96675
4.95452
4.94103
4.93267
4.92514
4.9169
4.91133
4.90157
4.89752
4.8925
4.89497
4.89641
4.89529
4.89195
4.89209
4.89897
4.9016
4.90159
4.90897
4.91936
4.92553
4.94421
4.96356
4.97726
4.99254
5.00085
5.01109
5.02582
5.04065
5.05485
5.07585
5.09149
5.10246
5.1045
5.10558
5.11137
5.118
5.12163
5.12381
5.12315
5.11458
5.10319
5.0878
5.06704
5.04857
5.02881
5.0072
4.98883
4.96954
4.95107
4.93008
4.90236
4.8856
4.86956
4.85707
4.84892
4.84497
4.84655
4.8518
4.85342
4.85946
4.87035
4.88478
4.89341
4.90622
4.92074
4.93371
4.94117
4.95173
4.95996
4.97196
4.98498
5.00045
5.01935
5.03023
5.04044
5.04767
5.05635
5.0613
5.07005
5.0807
5.08682
5.09384
5.09993
5.10034
5.09516
5.08779
5.07495
5.07056
5.06779
5.06152
5.04898
5.0359
5.02511
5.01716
5.01111
5.00081
4.99187
4.98604
4.98467
4.98707
4.98593
4.99093
5.00269
5.01574
5.02309
5.0337
5.03662
5.02978
5.02206
5.01689
5.01777
5.0275
5.03411
5.04929
5.06005
5.06551
5.06407
5.05927
5.05464
5.04291
5.03287
5.02693
5.01652
4.99831
4.98398
4.97264
4.96459
4.95651
4.94935
4.94566
4.94144
4.94057
4.9357
4.92331
4.91029
4.89758
4.89057
4.88427
4.87651
4.87696
4.8825
4.88988
4.90104
4.919
4.93399
4.94621
4.96179
4.98052
4.99383
5.00968
5.01503
5.02376
5.029
5.03836
5.04486
5.05934
5.07047
5.08093
5.09249
5.10129
5.11109
5.11104
5.1147
5.11758
5.11802
5.11219
5.10237
5.09162
5.07519
5.06135
5.05294
5.04521
5.03836
5.03082
5.0165
5.00152
4.98574
4.97379
4.96849
4.96434
4.95827
4.94815
4.94103
4.93585
4.93281
4.93938
4.94895
4.96042
4.97217
4.98639
4.99658
5.00385
5.00696
5.01167
5.01353
5.01174
5.0072
5.00946
5.00545
5.00166
4.99713
4.99349
4.98498
4.97591
4.97446
4.97612
4.97343
4.96466
4.95443
4.9413
4.9348
4.92997
4.9226
4.9185
4.91634
4.91374
4.90377
4.89406
4.8828
4.873
4.87366
4.8723
4.87676
4.88415
4.89001
4.89806
4.90299
4.91398
4.92842
4.94489
4.96228
4.9828
4.99903
5.01279
5.02183
5.02974
5.04088
5.05329
5.06301
5.07565
5.0854
5.08794
5.08666
5.08562
5.08294
5.07505
5.06078
5.05026
5.03829
5.02524
5.01195
4.99688
4.97972
4.96371
4.9512
4.9485
4.94459
4.93916
4.93174
4.92178
4.9041
4.89359
4.88433
4.87636
4.874
4.87486
4.8847
4.89241
4.902
4.9185
4.94162
4.96334
4.98379
5.00372
5.01889
5.02746
5.02814
5.02755
5.02522
5.02742
5.03158
5.04161
5.04792
5.05517
5.06634
5.07749
5.0831
5.08187
5.07287
5.06597
5.04579
5.02663
5.00226
4.97568
4.94719
4.91509
4.8886
4.86992
4.85565
4.83464
4.8148
4.79444
4.77724
4.76079
4.74723
4.7374
4.72585
4.71905
4.71559
4.71208
4.71546
4.7248
4.73813
4.75513
4.77634
4.80189
4.82505
4.84683
4.86586
4.88686
4.90429
4.92445
4.94297
4.9669
4.98396
4.99442
5.00366
5.01512
5.02696
5.03847
5.05026
5.06611
5.07425
5.07611
5.07594
5.07092
5.06501
5.05302
5.03641
5.01957
5.00222
4.98751
4.97347
4.96579
4.95186
4.93548
4.9221
4.91058
4.90664
4.90223
4.90027
4.89834
4.89561
4.89476
4.89676
4.89868
4.90579
4.91741
4.92818
4.94023
4.94618
4.95909
4.97322
4.98604
4.99548
5.00632
5.01378
5.01559
5.01626
5.01814
5.02489
5.03199
5.03726
5.04296
5.04145
5.04197
5.04111
5.04723
5.04632
5.04773
5.04886
5.05421
5.06029
5.06394
5.06543
5.06514
5.05902
5.05443
5.05348
5.05204
5.05079
5.0503
5.05814
5.06619
5.07216
5.07558
5.08008
5.08229
5.08905
5.09063
5.08862
5.08391
5.07759
5.07501
5.07304
5.07541
5.07504
5.07679
5.07173
5.0648
5.05482
5.03744
5.01593
4.99581
4.97461
4.95647
4.9331
4.90477
4.88001
4.85994
4.83777
4.82197
4.80803
4.80511
4.80289
4.79777
4.78889
4.78272
4.77513
4.77177
4.77386
4.78207
4.79214
4.80005
4.81425
4.83659
4.86032
4.89087
4.9237
4.95502
4.99003
5.02608
5.05962
5.08356
5.10196
5.11555
5.1278
5.14212
5.15846
5.1784
5.19667
5.2054
5.20914
5.21024
5.20538
5.19489
5.18354
5.17205
5.15531
5.1324
5.11454
5.0911
5.06328
5.03615
5.00166
4.97592
4.94549
4.91803
4.887
4.85771
4.83033
4.80793
4.78758
4.76986
4.75787
4.74997
4.75006
4.75711
4.76352
4.77319
4.78807
4.80696
4.82827
4.85355
4.8774
4.89778
4.91671
4.93444
4.95206
4.97561
4.99351
5.01839
5.04114
5.06168
5.08256
5.0987
5.10719
5.11496
5.1278
5.13986
5.14312
5.13699
5.12554
5.10853
5.09084
5.07383
5.05921
5.04905
5.03821
5.02529
5.01242
4.99735
4.97807
4.95956
4.94646
4.93167
4.91351
4.89463
4.87804
4.86516
4.85736
4.85806
4.85437
4.85166
4.85663
4.86489
4.87167
4.88154
4.88644
4.89072
4.89239
4.89806
4.91206
4.92708
4.94021
4.95793
4.97058
4.98049
4.98323
4.98408
4.98629
4.99009
4.98994
4.98486
4.97759
4.9694
4.96097
4.95551
4.94932
4.94869
4.94329
4.94341
4.93416
4.9264
4.91842
4.91104
4.91338
4.91618
4.92292
4.9322
4.947
4.96068
4.97899
4.99752
5.01395
5.02825
5.04137
5.04836
5.05267
5.05897
5.06027
5.06238
5.06549
5.07112
5.08059
5.08802
5.09473
5.09565
5.0964
5.09918
5.09492
5.08872
5.0779
5.0675
5.04747
5.02317
4.99675
4.96944
4.93755
4.91382
4.8893
4.87179
4.85865
4.84409
4.83047
4.81007
4.7815
4.75805
4.74203
4.72924
4.72158
4.71815
4.72131
4.728
4.73325
4.7477
4.77136
4.79852
4.82613
4.85907
4.89129
4.92166
4.94246
4.9582
4.97806
5.00135
5.02665
5.05301
5.07395
5.09086
5.11531
5.13805
5.15676
5.17118
5.18534
5.19953
5.20309
5.2003
5.19041
5.17753
5.15831
5.14118
5.12705
5.12038
5.1058
5.08536
5.0654
5.04614
5.02009
4.9998
4.97964
4.95903
4.93672
4.91746
4.90132
4.87737
4.85137
4.82825
4.81444
4.80371
4.80342
4.8054
4.80509
4.81181
4.81464
4.81764
4.81735
4.82076
4.82647
4.83429
4.84373
4.8466
4.85459
4.86833
4.88458
4.89996
4.91342
4.93065
4.9483
4.96239
4.97823
4.9933
5.00075
5.0047
5.00655
5.0153
5.01996
5.02606
5.02889
5.02981
5.02334
5.01867
5.01595
5.01762
5.01697
5.01804
5.01994
5.0169
5.00999
5.00687
5.0105
5.01668
5.02262
5.02877
5.03305
5.03366
5.02875
5.02962
5.03648
5.03873
5.03992
5.03978
5.03637
5.02885
5.01845
5.00857
4.99967
4.98652
4.97344
4.95602
4.93377
4.91798
4.90691
4.89824
4.88449
4.8762
4.87053
4.86915
4.87044
4.86889
4.86527
4.85949
4.84494
4.83335
4.82242
4.81992
4.81887
4.82747
4.83701
4.84853
4.85794
4.86922
4.89057
4.91267
4.93607
4.95564
4.97576
4.99714
5.01229
5.02476
5.04153
5.06287
5.08559
5.10855
5.12701
5.14067
5.15153
5.15948
5.16849
5.16985
5.17197
5.17288
5.16557
5.15715
5.1485
5.14211
5.12985
5.12247
5.11635
5.11152
5.10306
5.09145
5.07966
5.07063
5.05921
5.05153
5.0451
5.03781
5.03123
5.02408
5.02073
5.02495
5.02495
5.03081
5.03744
5.05053
5.06354
5.07766
5.08846
5.09455
5.09652
5.10079
5.11146
5.12208
5.13553
5.14867
5.16164
5.16949
5.1764
5.18376
5.18523
5.18752
5.18842
5.18336
5.17751
5.16075
5.14868
5.13333
5.11774
5.10676
5.0942
5.09039
5.08946
5.08631
5.07608
5.06201
5.04036
5.02307
5.01096
5.00454
4.99477
4.98575
4.97509
4.9643
4.9492
4.94219
4.93575
4.93216
4.92251
4.92261
4.92633
4.92893
4.92589
4.91819
4.91214
4.90771
4.90137
4.90148
4.90288
4.90355
4.90857
4.90754
4.90442
4.89484
4.88793
4.8808
4.87084
4.85967
4.85147
4.83868
4.82515
4.82154
4.8212
4.82734
4.83322
4.83932
4.84352
4.84874
4.8502
4.85929
4.87124
4.88298
4.89137
4.89566
4.90539
4.9139
4.92488
4.9371
4.95085
4.96323
4.97318
4.98322
4.99019
4.99774
5.0013
5.00033
4.99604
4.99374
4.98859
4.99342
4.99944
5.00324
4.99908
4.9941
4.9864
4.97308
4.96352
4.95065
4.93205
4.91317
4.89208
4.87069
4.85585
4.84853
4.8456
4.84477
4.83963
4.83702
4.83051
4.83047
4.83405
4.83956
4.84986
4.86294
4.87923
4.89475
4.91493
4.93291
4.94918
4.97388
4.99725
5.01763
5.03574
5.06005
5.08142
5.10639
5.11702
5.12603
5.14027
5.1534
5.16925
5.18267
5.19205
5.19672
5.1982
5.19107
5.17761
5.15727
5.13337
5.10988
5.09105
5.06941
5.04009
5.00514
4.97206
4.94085
4.91501
4.89695
4.87631
4.85508
4.83068
4.81016
4.78545
4.76526
4.75203
4.73933
4.71967
4.70895
4.70802
4.70373
4.70511
4.71862
4.73864
4.76332
4.78827
4.8139
4.83978
4.86366
4.87668
4.89113
4.90087
4.91515
4.92881
4.94758
4.96006
4.97132
4.98307
4.99592
5.0093
5.0184
5.02959
5.03768
5.03829
5.03081
5.01768
5.00267
4.98702
4.97291
4.96128
4.95003
4.94415
4.9357
4.93302
4.93048
4.92295
4.92481
4.93061
4.93485
4.94222
4.94852
4.95114
4.95542
4.95736
4.96464
4.97449
4.98826
5.00396
5.02543
5.04609
5.06445
5.0798
5.09475
5.10681
5.12462
5.14256
5.1634
5.18156
5.18831
5.19022
5.18832
5.18496
5.17554
5.16669
5.16097
5.1476
5.13184
5.1129
5.08993
5.06675
5.04162
5.01433
4.99686
4.98222
4.96624
4.95085
4.9346
4.9161
4.90531
4.89742
4.89214
4.89463
4.90349
4.91537
4.92318
4.92686
4.93705
4.95244
4.96486
4.97902
4.99824
5.01115
5.02736
5.04268
5.05789
5.07439
5.09633
5.11889
5.14685
5.16994
5.18755
5.19925
5.20613
5.21435
5.21469
5.20437
5.18815
5.17363
5.16318
5.15005
5.13841
5.12034
5.10555
5.08929
5.07483
5.05884
5.03786
5.00963
4.9789
4.94868
4.91575
4.89001
4.86466
4.84303
4.83058
4.82362
4.81776
4.81086
4.80862
4.80886
4.812
4.82187
4.83318
4.83911
4.84801
4.85033
4.85697
4.87131
4.89111
4.91312
4.94146
4.96271
4.98208
5.00138
5.01689
5.03711
5.05024
5.05793
5.06281
5.05972
5.05527
5.05052
5.04979
5.0431
5.03813
5.03561
5.03031
5.02769
5.03018
5.02934
5.02942
5.029
5.02591
5.02004
5.01189
5.0088
5.00371
4.99788
4.98976
4.98202
4.98218
4.98506
4.9946
5.00832
5.02387
5.0363
5.04639
5.04701
5.04838
5.05376
5.06035
5.07037
5.08438
5.09743
5.11026
5.11895
5.13025
5.13695
5.13719
5.13984
5.14428
5.14409
5.13784
5.1315
5.12065
5.11179
5.10228
5.09225
5.09057
5.09139
5.09374
5.09239
5.08803
5.0786
5.07427
5.07256
5.06627
5.06204
5.05879
5.05622
5.05489
5.05231
5.05661
5.06297
5.06747
5.0685
5.07307
5.07037
5.06915
5.06566
5.06581
5.06244
5.06306
5.05558
5.05292
5.05195
5.04939
5.04623
5.04516
5.04055
5.03425
5.03376
5.0319
5.02398
5.00918
4.99713
4.9821
4.96891
4.95675
4.94749
4.94311
4.94305
4.9401
4.93633
4.9308
4.92062
4.91435
4.91233
4.91206
4.91574
4.92028
4.92916
4.93924
4.95091
4.96719
4.98536
5.00339
5.02393
5.05207
5.07808
5.09648
5.10805
5.12018
5.12961
5.14228
5.14998
5.1655
5.16871
5.16424
5.15913
5.15177
5.14028
5.12624
5.1099
5.09907
5.08308
5.06586
5.05038
5.03136
5.00884
4.9867
4.96856
4.95604
4.94648
4.9347
4.91774
4.90315
4.88845
4.86901
4.85218
4.83781
4.82811
4.82237
4.82188
4.81604
4.81913
4.82312
4.83006
4.83583
4.8398
4.84989
4.85959
4.87267
4.88103
4.88941
4.89853
4.90335
4.908
4.92044
4.92549
4.93041
4.93096
4.93533
4.93646
4.93306
4.92751
4.92956
4.92189
4.91097
4.89389
4.87214
4.85263
4.83664
4.82971
4.83197
4.8313
4.82968
4.82991
4.83059
4.8315
4.83504
4.84633
4.85845
4.86536
4.87199
4.88217
4.89699
4.91338
4.93877
4.96837
4.99636
5.02471
5.05463
5.08081
5.10532
5.12375
5.13705
5.14877
5.16258
5.17974
5.19952
5.21561
5.22354
5.2335
5.24022
5.24123
5.23239
5.22595
5.22
5.20608
5.19053
5.16524
5.13819
5.1073
5.08197
5.05446
5.03743
5.01704
4.99313
4.97102
4.95372
4.93632
4.92127
4.9102
4.90265
4.89737
4.89124
4.89019
4.8859
4.87706
4.87375
4.88028
4.88704
4.90139
4.91448
4.93112
4.94514
4.95745
4.97605
4.99
5.01143
5.03367
5.06345
5.07783
5.08322
5.08521
5.083
5.08093
5.07799
5.07434
5.07141
5.06755
5.06132
5.05744
5.05557
5.05094
5.04405
5.02955
5.02261
5.01849
5.01149
5.00012
4.98711
4.97156
4.96196
4.95893
4.95785
4.9597
4.96178
4.97138
4.9779
4.98798
5.00015
5.01142
5.0258
5.03996
5.05442
5.06275
5.07107
5.07483
5.08177
5.09223
5.10717
5.12342
5.1445
5.16274
5.17462
5.17749
5.17756
5.17712
5.17197
5.16015
5.14998
5.13548
5.11415
5.09238
5.07186
5.0468
5.03055
5.01656
5.01118
5.00368
4.99678
4.98697
4.97656
4.96405
4.94847
4.93315
4.91923
4.91255
4.90763
4.90802
4.91146
4.91546
4.91945
4.93078
4.94425
4.96152
4.97642
4.98863
4.99842
5.00701
5.01437
5.0212
5.03486
5.04638
5.06359
5.07884
5.09157
5.10808
5.11999
5.1286
5.13368
5.13693
5.1373
5.12949
5.11746
5.10299
5.08843
5.0701
5.04898
5.02612
5.01346
4.9976
4.98641
4.97113
4.96095
4.94646
4.9307
4.91731
4.90484
4.89575
4.88764
4.88671
4.89205
4.89543
4.90241
4.9155
4.93349
4.95373
4.97552
4.98724
4.99251
4.99722
4.99758
5.00035
5.00311
5.00709
5.01114
5.01432
5.01661
5.02326
5.03335
5.04464
5.05529
5.06331
5.07391
5.07487
5.06814
5.06264
5.05583
5.04903
5.04107
5.03338
5.02894
5.02222
5.01651
5.00319
4.99044
4.96999
4.95942
4.9571
4.95789
4.96017
4.96611
4.97605
4.98675
5.00195
5.02036
5.03609
5.04952
5.06432
5.07762
5.09237
5.11022
5.1181
5.12383
5.13155
5.1401
5.15294
5.16188
5.1694
5.17428
5.17347
5.17399
5.16645
5.157
5.15087
5.14663
5.13057
5.11026
5.09154
5.07231
5.04617
5.02093
5.00153
4.98504
4.96843
4.95297
4.93367
4.91362
4.88859
4.86824
4.85322
4.83823
4.8286
4.82114
4.81773
4.81641
4.82027
4.83122
4.84056
4.8526
4.869
4.8855
4.90147
4.91406
4.92495
4.9382
4.94858
4.96353
4.97574
4.9881
5.00041
5.00929
5.02116
5.02893
5.03022
5.03237
5.03418
5.03885
5.03675
5.03166
5.02212
5.01066
4.99433
4.9777
4.96013
4.9487
4.93738
4.92533
4.9112
4.89537
4.87509
4.85694
4.84243
4.83172
4.82235
4.81319
4.80978
4.80976
4.81221
4.82084
4.83309
4.84385
4.85833
4.87908
4.89837
4.9189
4.93147
4.94602
4.96496
4.9858
5.0045
5.02303
5.04252
5.0547
5.0699
5.08084
5.08724
5.09183
5.10045
5.11449
5.12098
5.12559
5.12426
5.11435
5.10097
5.09207
5.0868
5.08834
5.08724
5.08581
5.08321
5.07805
5.06835
5.05771
5.04509
5.03362
5.01764
5.00677
5.00266
5.00452
5.00878
5.01403
5.02723
5.03947
5.0483
5.05858
5.07147
5.08566
5.09595
5.1042
5.11274
5.12339
5.13016
5.14101
5.14525
5.14976
5.15437
5.15645
5.15706
5.15341
5.15098
5.14511
5.13331
5.11844
5.10618
5.09246
5.07558
5.05664
5.03465
5.01961
5.00155
4.98297
4.96383
4.94205
4.9147
4.8912
4.87655
4.86597
4.85612
4.85325
4.84713
4.84412
4.83817
4.83743
4.84049
4.84597
4.8579
4.866
4.87677
4.88932
4.9
4.91303
4.92721
4.94674
4.96784
4.9881
5.00181
5.01356
5.02835
5.04082
5.05256
5.05948
5.06672
5.07349
5.0811
5.08771
5.0916
5.09277
5.09018
5.09029
5.08625
5.08361
5.07861
5.07164
5.057
5.04177
5.02022
5.0038
4.98831
4.97539
4.96569
4.95587
4.95197
4.9444
4.93198
4.92537
4.92496
4.92384
4.92496
4.9233
4.92123
4.91871
4.9072
4.89947
4.89488
4.89002
4.88851
4.8958
4.90051
4.90973
4.91295
4.91634
4.9208
4.92729
4.93077
4.92782
4.92263
4.91429
4.91532
4.91465
4.91516
4.92699
4.93941
4.95579
4.97055
4.98322
4.99299
4.99817
4.99705
5.0003
5.00372
5.00755
5.00695
5.01
5.02097
5.03513
5.04423
5.05614
5.06732
5.08
5.09127
5.1032
5.11074
5.10805
5.0979
5.08432
5.07045
5.05728
5.04681
5.03968
5.03479
5.02773
5.02285
5.01292
5.00616
4.99737
4.98917
4.97902
4.96395
4.94444
4.92579
4.9083
4.88478
4.86482
4.84417
4.83232
4.81974
4.81184
4.80624
4.79618
4.78069
4.77279
4.77478
4.77905
4.78274
4.79265
4.79928
4.80871
4.81466
4.82698
4.84744
4.8736
4.89943
4.92921
4.95166
4.96926
4.98771
5.00317
5.01885
5.03537
5.05087
5.06637
5.08152
5.08497
5.08604
5.08917
5.08881
5.0851
5.08062
5.07455
5.06449
5.05022
5.03508
5.01809
5.00269
4.98452
4.97147
4.96046
4.9493
4.94024
4.9275
4.91367
4.89561
4.88753
4.8828
4.88078
4.87818
4.87753
4.88778
4.89781
4.9032
4.91154
4.9227
4.93393
4.94451
4.96889
4.98845
5.0126
5.02626
5.04236
5.05842
5.07452
5.08848
5.10486
5.1171
5.12375
5.13262
5.1393
5.14229
5.14414
5.14992
5.15114
5.14539
5.13223
5.11759
5.10006
5.08351
5.07317
5.06825
5.06229
5.0566
5.04723
5.03577
5.02923
5.01828
5.01185
5.01037
5.00899
5.00478
5.00111
5.00141
4.99992
4.99902
5.00529
5.01082
5.01882
5.03219
5.04817
5.0645
5.08168
5.0854
5.08808
5.09107
5.0957
5.10218
5.11147
5.11812
5.1238
5.12474
5.12487
5.12239
5.1113
5.10101
5.09407
5.08558
5.06677
5.04192
5.01571
4.9913
4.97475
4.96297
4.95606
4.95137
4.94287
4.93115
4.91906
4.90347
4.8918
4.88595
4.8799
4.87453
4.87439
4.87257
4.87046
4.87136
4.88228
4.89477
4.90496
4.91485
4.92654
4.94016
4.95489
4.95915
4.96747
4.97483
4.98436
4.9896
4.99435
5.00421
5.00927
5.00571
4.99936
4.99112
4.98308
4.9731
4.96461
4.95344
4.9414
4.9277
4.91257
4.89912
4.88691
4.87532
4.86701
4.86145
4.85309
4.84674
4.84049
4.8319
4.82981
4.82997
4.83413
4.84087
4.84872
4.86418
4.881
4.89372
4.91325
4.94014
4.96715
4.99018
5.02029
5.04855
5.07065
5.08325
5.09122
5.10408
5.12035
5.13706
5.15907
5.17266
5.18078
5.18709
5.18899
5.18652
5.17705
5.16722
5.15852
5.14614
5.13596
5.12006
5.10029
5.07594
5.04903
5.0194
4.99704
4.97422
4.95032
4.92896
4.90716
4.89062
4.87903
4.87495
4.87379
4.87305
4.87717
4.88207
4.88731
4.88996
4.89938
4.91082
4.92348
4.93829
4.9512
4.96488
4.98233
5.00003
5.01937
5.03749
5.058
5.07937
5.10565
5.12627
5.14335
5.15394
5.1673
5.17663
5.17636
5.17302
5.16359
5.15432
5.14157
5.13316
5.12257
5.1067
5.08717
5.06662
5.04695
5.03023
5.01174
4.98493
4.96069
4.93303
4.90676
4.88472
4.86042
4.84288
4.83364
4.82512
4.82165
4.82298
4.83596
4.85424
4.87109
4.8863
4.90451
4.9153
4.92448
4.92587
4.93538
4.95165
4.97264
4.99639
5.02193
5.04556
5.07147
5.09412
5.11418
5.13365
5.14807
5.15718
5.16101
5.16018
5.15655
5.15037
5.14571
5.13814
5.13929
5.13893
5.14274
5.1461
5.14574
5.14411
5.13538
5.11818
5.09685
5.07501
5.05124
5.03757
5.02475
5.01749
5.00445
4.99021
4.98506
4.98813
4.99818
5.01277
5.02623
5.03408
5.04001
5.04317
5.046
5.04903
5.04994
5.04973
5.0567
5.05678
5.05813
5.05821
5.05991
5.05934
5.05646
5.05152
5.0445
5.03229
5.01916
5.00679
4.99392
4.97749
4.96254
4.94978
4.94444
4.94132
4.9425
4.9389
4.93443
4.93134
4.93438
4.93714
4.9423
4.94616
4.94421
4.94171
4.9395
4.94044
4.94694
4.95896
4.97417
4.99715
5.02438
5.04869
5.06764
5.08063
5.09397
5.10851
5.12077
5.13031
5.14488
5.15649
5.16246
5.16757
5.1706
5.17289
5.17084
5.16556
5.16447
5.1573
5.14524
5.13353
5.11945
5.10131
5.0802
5.05684
5.03625
5.01404
4.99157
4.96482
4.93756
4.90743
4.88329
4.863
4.84444
4.82639
4.81603
4.81238
4.80429
4.80089
4.79689
4.79648
4.79707
4.80106
4.81633
4.82747
4.83947
4.84811
4.85943
4.86787
4.88707
4.90812
4.93584
4.95994
4.97849
4.99371
5.00966
5.0257
5.03673
5.04654
5.05728
5.06011
5.06185
5.06281
5.06613
5.07208
5.07734
5.08891
5.09798
5.11123
5.12075
5.13013
5.1363
5.13562
5.13639
5.13651
5.12979
5.12075
5.11005
5.10312
5.09756
5.09208
5.08901
5.08799
5.08833
5.08867
5.09215
5.08836
5.08401
5.07594
5.06765
5.05931
5.05112
5.03766
5.03348
5.0274
5.01722
5.00402
4.99434
4.97993
4.95856
4.94556
4.93355
4.91478
4.89605
4.87346
4.85339
4.83681
4.82907
4.82656
4.83196
4.83655
4.8388
4.83679
4.83972
4.8495
4.86109
4.87419
4.88851
4.90399
4.91672
4.93155
4.94473
4.95982
4.98009
4.9985
5.01213
5.02342
5.03586
5.05191
5.06728
5.07244
5.0798
5.08688
5.09591
5.10457
5.11464
5.11968
5.11328
5.103
5.08559
5.06889
5.05077
5.02977
5.01662
4.99648
4.97036
4.9356
4.8994
4.85846
4.82366
4.7916
4.76903
4.75029
4.72949
4.71268
4.70173
4.69029
4.68295
4.68695
4.69436
4.70536
4.72057
4.7438
4.76187
4.77867
4.79948
4.8221
4.84939
4.87791
4.91018
4.94515
4.98319
5.0154
5.04283
5.06935
5.09965
5.13411
5.17305
5.20083
5.2211
5.23946
5.25286
5.26308
5.26412
5.26045
5.25809
5.24332
5.22455
5.2067
5.18754
5.16411
5.14144
5.11467
5.09453
5.06889
5.03863
5.0083
4.98011
4.95003
4.92216
4.8993
4.87775
4.86173
4.84596
4.83485
4.82608
4.81805
4.81857
4.8224
4.82886
4.83902
4.85228
4.86495
4.87457
4.88531
4.89409
4.90096
4.91568
4.93337
4.96184
4.98356
5.00077
5.02177
5.03771
5.044
5.04542
5.04878
5.05085
5.04916
5.04369
5.03598
5.02757
5.01676
5.00873
5.00036
5.00443
5.00106
5.00148
4.9932
4.98268
4.97332
4.96227
4.95104
4.9394
4.93627
4.93282
4.93914
4.94504
4.94882
4.95972
4.97853
4.99645
5.01269
5.02668
5.03403
5.039
5.04418
5.04816
5.05293
5.05842
5.06923
5.08532
5.10138
5.11462
5.12269
5.13261
5.13819
5.13733
5.12743
5.11386
5.09401
5.07837
5.0637
5.05016
5.03068
5.00858
4.99445
4.98679
4.98369
4.98456
4.9787
4.97479
4.96004
4.94893
4.94277
4.93494
4.92679
4.9231
4.92122
4.91965
4.91879
4.92324
4.93627
4.95415
4.97833
4.99911
5.01598
5.02853
5.04087
5.0512
5.0641
5.07881
5.09393
5.10284
5.10762
5.11097
5.11269
5.11223
5.11359
5.11442
5.11353
5.11719
5.11255
5.10309
5.09464
5.07989
5.05441
5.0296
5.00003
4.97932
4.96019
4.93765
4.91332
4.89986
4.87904
4.86164
4.84925
4.83958
4.8354
4.82974
4.82362
4.81908
4.81192
4.81546
4.82429
4.84168
4.86174
4.88361
4.90783
4.92816
4.94491
4.96279
4.9792
4.99629
5.01737
5.04079
5.06073
5.07421
5.08865
5.10164
5.11382
5.12169
5.12755
5.13852
5.14658
5.14739
5.14931
5.1462
5.1389
5.13016
5.12166
5.11874
5.11321
5.10776
5.10059
5.08564
5.0643
5.04643
5.02973
5.02021
5.00654
4.99905
4.99352
4.99129
4.98581
4.97656
4.96745
4.95968
4.95675
4.95667
4.95159
4.94917
4.94513
4.94314
4.94902
4.95986
4.96634
4.97681
4.99048
4.99745
5.01225
5.02388
5.03147
5.03256
5.03423
5.03508
5.03036
5.02453
5.01602
5.01079
5.0043
5.00004
5.00217
5.01043
5.01583
5.02371
5.02862
5.03143
5.02668
5.02643
5.03182
5.04268
5.05294
5.05753
5.06603
5.07493
5.08376
5.09878
5.11803
5.13293
5.15015
5.16467
5.17517
5.1873
5.19267
5.19524
5.19367
5.1955
5.19311
5.19419
5.19142
5.18515
5.17406
5.15958
5.14431
5.12573
5.1102
5.09296
5.06876
5.04035
5.00826
4.9746
4.94104
4.91273
4.88309
4.86124
4.83617
4.81128
4.78269
4.76278
4.74442
4.7266
4.71757
4.70842
4.69904
4.69458
4.69401
4.69841
4.70716
4.71832
4.73256
4.74956
4.76912
4.79165
4.81897
4.85081
4.87765
4.90503
4.93262
4.96311
4.99491
5.0269
5.0583
5.08078
5.09735
5.11026
5.12461
5.13651
5.15136
5.16577
5.17368
5.17868
5.17903
5.17451
5.16584
5.1656
5.16614
5.16901
5.16652
5.16099
5.15206
5.14376
5.13062
5.11746
5.10366
5.09166
5.07719
5.06338
5.05332
5.04618
5.04287
5.04237
5.04703
5.05204
5.05626
5.05587
5.0567
5.05723
5.04667
5.03798
5.03423
5.0378
5.04445
5.05243
5.0533
5.05306
5.05791
5.06453
5.06622
5.06642
5.07182
5.07592
5.07606
5.06992
5.0652
5.05307
5.03915
5.03362
5.02979
5.03138
5.0277
5.0196
5.00341
4.98543
4.96356
4.94556
4.92957
4.9195
4.91181
4.90527
4.90374
4.90375
4.90251
4.90819
4.90943
4.91125
4.91199
4.91616
4.91873
4.92101
4.92445
4.92528
4.92327
4.92527
4.93333
4.94708
4.95681
4.96317
4.97061
4.97121
4.96959
4.96835
4.96513
4.9606
4.9533
4.94005
4.93142
4.91827
4.91206
4.90734
4.90015
4.90443
4.9074
4.91002
4.91152
4.90819
4.89645
4.89097
4.88431
4.87697
4.86878
4.8664
4.87185
4.88145
4.88808
4.89957
4.91412
4.92544
4.93674
4.95274
4.96432
4.97553
4.98139
4.98811
4.99818
5.00665
5.01768
5.02994
5.04118
5.05036
5.06082
5.07287
5.08251
5.08994
5.09668
5.10028
5.09226
5.08071
5.06882
5.05516
5.03901
5.02734
5.01861
5.0148
5.01164
5.01441
5.013
5.00828
5.00065
4.99492
4.99162
4.98899
4.98787
4.99102
4.99773
4.99754
4.99253
4.99022
4.99904
5.01239
5.0237
5.03655
5.04612
5.0575
5.0584
5.05896
5.05938
5.05864
5.05582
5.05193
5.04873
5.04629
5.04756
5.04835
5.05089
5.05263
5.05247
5.0471
5.03716
5.025
5.0157
5.0069
4.9874
4.96455
4.94554
4.93258
4.92446
4.91708
4.90911
4.90812
4.905
4.90468
4.90905
4.91108
4.90893
4.90848
4.91215
4.91703
4.91472
4.92033
4.9259
4.93546
4.94644
4.96339
4.97892
4.98715
4.9884
4.99262
4.99971
5.01021
5.02046
5.02907
5.03625
5.03917
5.03767
5.03382
5.02993
5.02152
5.01377
5.00671
5.00086
4.98677
4.97378
4.96561
4.95886
4.95657
4.9513
4.95026
4.95156
4.95024
4.95136
4.94872
4.93707
4.93552
4.94144
4.95335
4.96728
4.98806
5.0116
5.03327
5.05049
5.07239
5.09711
5.1141
5.1305
5.14493
5.15383
5.16099
5.15877
5.1619
5.16102
5.16722
5.1672
5.17095
5.17649
5.17504
5.17215
5.16629
5.15586
5.13958
5.12463
5.1076
5.08647
5.06199
5.03925
5.01161
4.98327
4.95737
4.93293
4.91249
4.89769
4.88082
4.86632
4.84847
4.82526
4.81143
4.80213
4.80097
4.8017
4.80673
4.81548
4.82846
4.8419
4.86237
4.88455
4.90887
4.93745
4.96905
4.99522
5.018
5.03448
5.04795
5.05915
5.07274
5.07597
5.0849
5.09084
5.0978
5.10522
5.10965
5.11299
5.10938
5.10645
5.10267
5.09645
5.08071
5.06168
5.04226
5.02149
4.9996
4.97898
4.96021
4.94224
4.92634
4.90746
4.88729
4.86677
4.84636
4.83631
4.8268
4.82303
4.82562
4.83042
4.83831
4.84827
4.8632
4.87591
4.88905
4.9078
4.93113
4.95468
4.98162
4.99676
5.00956
5.02637
5.04631
5.06361
5.08535
5.09526
5.10519
5.10498
5.10884
5.11469
5.11584
5.11726
5.11753
5.11564
5.11159
5.10413
5.08946
5.07331
5.05753
5.04553
5.03174
5.01683
4.99482
4.96775
4.94109
4.91402
4.88864
4.87109
4.85874
4.84667
4.83968
4.83865
4.84133
4.84572
4.85931
4.87381
4.88742
4.89759
4.91077
4.92569
4.93576
4.93834
4.94251
4.94698
4.95266
4.9629
4.97593
4.99397
5.00976
5.02283
5.03493
5.03672
5.03349
5.03015
5.02748
5.0184
5.00882
4.99491
4.97925
4.96442
4.95541
4.94623
4.93982
4.92778
4.91393
4.89678
4.87951
4.86098
4.84779
4.83937
4.82994
4.82854
4.82776
4.82896
4.8323
4.83945
4.85276
4.86791
4.88542
4.9052
4.9244
4.93758
4.9518
4.96091
4.96881
4.97764
4.98967
5.00055
5.02268
5.04308
