0.122906
0.0931047
0.135429
0.111516
0.0660873
0.0332338
0.0576072
0.0377867
-0.0430546
-0.0756612
-0.134547
-0.114524
-0.108753
-0.127272
-0.0968264
-0.0957728
-0.0658466
-0.107137
-0.145768
-0.188511
-0.162099
-0.172339
-0.183264
-0.092551
-0.0983885
-0.0280083
-0.0752223
-0.0201552
0.0374668
0.119572
0.169195
0.169496
0.229243
0.170962
0.156086
0.0599995
0.0947564
0.0997694
0.0930268
0.0943836
0.150836
0.0896796
0.0660961
0.0559986
0.0619627
0.0731641
0.0655609
0.0145183
0.00865739
-0.0572893
-0.0749677
-0.0992405
-0.108587
-0.158213
-0.129572
-0.156925
-0.0667219
0.0255123
0.0321365
-0.0145576
-0.0265325
-0.0616241
-0.0540188
-0.0604947
-0.0734217
-0.102048
-0.11738
-0.0765735
-0.0782117
-0.0623369
-0.0458059
0.0524389
0.0103967
0.024684
0.101108
0.109254
0.124057
0.111451
0.114904
0.0964048
0.0884783
0.0984803
0.0750253
0.0183205
0.0441378
0.06977
0.0135492
0.00625773
-0.0458919
-0.0396351
0.0737611
-0.0285254
-0.0636732
-0.0950985
-0.106632
-0.0963111
-0.103463
-0.0978974
-0.0309487
-0.0608108
-0.0473685
-0.0991692
-0.0800425
-0.0948949
-0.0792678
-0.000477281
0.0164853
0.0610602
0.0878795
0.0928207
0.110918
0.104615
0.12435
0.139845
0.15287
0.168433
0.214686
0.119169
0.101823
0.0310483
0.0415997
0.125064
0.134423
0.130455
0.174179
0.118045
0.0354995
0.0112657
0.0470926
0.00898564
-0.0383395
-0.0276161
-0.0645513
-0.0881043
-0.114981
-0.113554
-0.0745141
-0.118568
-0.164576
-0.167112
-0.187528
-0.154705
-0.197134
-0.238948
-0.275845
-0.284493
-0.225655
-0.187194
-0.143816
-0.15015
-0.0770522
-0.0113388
-0.0160158
-0.036216
0.00833146
0.0070516
0.00249028
0.0820145
0.0999536
0.0633646
0.055409
0.00630607
0.0636862
0.074522
0.114808
0.123342
0.145579
0.11048
0.126152
0.116413
0.107143
0.0852915
0.070072
0.071648
0.0734457
0.0288883
-0.0073752
-0.086892
-0.0271972
-0.0515409
0.00463149
-0.000142376
0.0375754
0.081765
0.0394735
0.0496135
0.0231131
0.0028171
0.00526606
0.0523724
0.0445154
-0.00318831
-0.0373521
-0.0204919
-0.0628327
-0.0185766
0.0600248
0.100599
0.115381
0.15806
0.175165
0.163479
0.0885522
0.042711
-0.00318243
-0.107496
-0.0453683
-0.0109661
0.0583056
0.00452027
-0.0157519
-0.0696983
-0.0380407
-0.0552029
-0.0827017
-0.063731
-0.0200177
-0.0860853
-0.0993572
-0.154423
-0.188584
-0.178377
-0.151492
-0.185254
-0.103858
-0.0908398
-0.106852
-0.0900684
-0.0874155
-0.0766562
-0.0795752
-0.0164089
-0.0351814
0.0723201
0.0994041
0.0726289
0.0985932
0.0931122
0.118489
0.0852342
0.0816637
0.0838803
0.131236
0.0924036
0.0771496
0.0502217
0.0312385
0.119928
0.142379
0.125107
0.145009
0.116475
0.0597071
0.0212229
-0.0251518
-0.079634
-0.136759
-0.131782
-0.100594
-0.15045
-0.176775
-0.199408
-0.149845
-0.174834
-0.114549
-0.117441
-0.028639
-0.0739926
-0.077592
-0.0584619
-0.0469121
-0.080218
-0.0585046
-0.0310878
-0.00093255
0.00952301
0.0217164
0.112854
0.103398
0.150504
0.212521
0.23579
0.172649
0.177965
0.201016
0.157922
0.149494
0.0939162
0.0483491
0.0610855
0.0503675
0.0632625
0.117771
0.0247505
0.00804949
-0.00123545
-0.0488702
-0.100438
-0.156745
-0.161784
-0.17987
-0.241842
-0.269062
-0.271431
-0.259755
-0.281392
-0.259364
-0.158696
-0.0864836
-0.116589
-0.112628
-0.168907
-0.111312
-0.151008
-0.103953
-0.069384
-0.0216271
-0.0231159
-0.00360942
0.0539488
0.0720213
0.112306
0.204362
0.247551
0.295602
0.349078
0.329329
0.327276
0.293123
0.259953
0.273578
0.228422
0.183601
0.233244
0.274726
0.237869
0.15515
0.133524
0.1658
0.11694
0.0550684
0.000422232
-0.0304624
-0.142196
-0.170712
-0.149154
-0.208183
-0.279625
-0.288964
-0.28872
-0.214537
-0.219913
-0.203328
-0.246522
-0.20105
-0.267029
-0.23203
-0.192465
-0.212687
-0.147915
-0.179639
-0.142733
-0.161914
-0.135767
-0.046929
0.0507168
0.115246
0.109651
0.136374
0.146886
0.132206
0.120155
0.155084
0.180311
0.212251
0.209213
0.251478
0.21235
0.189042
0.17798
0.217745
0.192335
0.118873
0.0806179
0.103707
0.0360553
-0.00982273
-0.00389126
-0.0438365
-0.114977
-0.0881723
-0.0616212
-0.0143671
-0.0547549
-0.11544
-0.12521
-0.12283
-0.181668
-0.0915154
-0.106964
-0.0896294
-0.0893244
-0.0612876
-0.0128409
-0.039008
-0.0593829
-0.0651266
0.025612
0.0721266
0.0993409
0.10475
0.0897281
0.128056
0.0806487
0.0498359
0.0746219
0.0935725
0.101305
0.146938
0.120944
0.0431034
0.0810047
-0.0175197
-0.0285045
-0.0551766
-0.0178581
0.0307262
-0.0244465
-0.000607302
-0.0108793
-0.0133157
-0.128862
-0.173495
-0.160001
-0.107774
-0.130264
-0.111221
-0.16235
-0.128052
-0.142655
-0.123597
-0.0931416
-0.0438442
-0.0481446
-0.0364067
-0.0176518
0.051874
0.0250027
0.0486162
0.0885321
0.107238
0.0877904
0.108729
0.0653222
0.0124685
0.0274818
0.0485813
0.144346
0.155976
0.146721
0.152712
0.129932
0.0722759
0.109306
0.0533393
0.0142016
0.014253
-0.00668855
-0.000795457
-0.0649114
-0.085397
-0.0410328
-0.0573234
-0.0588566
-0.0659723
-0.117789
-0.0380286
-0.0246446
0.0100472
-0.056205
-0.0911457
-0.164999
-0.166177
-0.0986892
-0.0905698
-0.0917476
-0.0741137
-0.0434272
0.00376269
-0.0327688
0.0214381
0.0902364
0.116835
0.0861308
0.0715295
0.0485076
0.0893885
0.0845378
0.0921535
0.0694481
0.170662
0.175408
0.226928
0.190276
0.150624
0.129455
0.0878901
0.143444
0.0339033
0.0936003
0.0370026
-0.00772068
-0.0583144
-0.113464
-0.106977
-0.14302
-0.0966182
-0.0564695
-0.0152488
-0.0389559
-0.0384283
-0.0436344
-0.0504482
-0.135489
-0.125488
-0.139278
-0.179699
-0.222812
-0.181319
-0.130625
-0.0660307
-0.0795974
-0.0383558
-0.0872653
-0.0308494
0.0551241
0.0532764
0.0382073
0.029977
-0.051035
-0.0790615
-0.0768367
-0.0126861
0.0332417
0.0710027
0.0511925
0.000810375
-0.0265226
-0.0638034
-0.0712306
-0.0667406
-0.0206569
-0.0392416
-0.0613412
-0.0825551
-0.0805286
-0.095941
-0.036976
0.0606578
0.042439
0.106838
0.111003
0.0905006
0.0420451
0.0758609
0.0814781
0.0471897
0.0732693
0.0897693
0.0826501
0.0852063
0.122383
0.0659879
0.0518497
0.118111
0.104373
0.115979
0.0970133
0.101461
0.156323
0.172717
0.0917167
0.0903849
0.0905233
0.163046
0.171977
0.162198
0.0874042
-0.00525798
-0.0376251
-0.105363
-0.172048
-0.183429
-0.223963
-0.19403
-0.173779
-0.16564
-0.169671
-0.236231
-0.206602
-0.179335
-0.137971
-0.0800053
-0.104159
-0.0790504
-0.0756709
-0.0772471
-0.12405
-0.090291
-0.0534407
-0.0449732
-0.047698
0.0484579
0.0961513
0.142834
0.133516
0.1834
0.247374
0.267564
0.230716
0.271843
0.259615
0.215192
0.154158
0.0877891
0.103018
0.128131
0.124147
0.186054
0.198947
0.162674
0.150267
0.0560914
0.0297914
-0.00993159
-0.0295236
-0.048325
-0.205506
-0.224856
-0.242581
-0.251201
-0.288523
-0.237484
-0.207847
-0.14302
-0.187236
-0.206231
-0.136013
-0.127893
-0.180256
-0.133834
-0.146566
-0.176103
-0.155227
-0.15811
-0.132752
-0.120313
-0.110131
-0.0274125
0.0171744
0.00127702
0.0643586
0.110446
0.106294
0.145439
0.0695563
0.0883265
0.0724505
0.114003
0.156609
0.194688
0.176346
0.114327
0.103159
0.146748
0.111658
0.135768
0.0902953
0.0614664
0.0120528
-0.0659813
-0.0506223
-0.142995
-0.127123
-0.133904
-0.0459702
0.0180477
0.0451895
0.0554546
0.0041218
0.000417634
-0.048267
0.0112653
0.0414281
0.0312575
-0.0064427
0.00329811
0.0445697
0.00920219
-0.0345676
0.0331995
0.0598991
0.0698957
0.0729902
0.0632952
0.0244525
0.00924892
-0.0493628
0.0293625
0.0248352
0.0153912
-0.0158914
0.00611232
0.00710433
-0.0361488
-0.00760207
-0.0277615
0.000730493
0.0078071
-0.0244029
-0.0387993
-0.0706026
-0.0738635
-0.0734217
-0.101111
-0.202645
-0.145724
-0.118761
-0.0602823
-0.0309495
-0.0649238
-0.0926871
-0.138822
-0.165382
-0.0937268
-0.0480886
-0.000843977
0.0484715
0.100562
0.100987
0.0626177
0.00158988
0.0321827
0.0615003
0.0919013
0.0744433
0.0786241
0.0992664
0.10778
0.0309413
0.081784
0.0760809
0.0991613
0.0514491
0.0325621
0.0390805
0.00427062
0.0114305
-0.0362451
-0.0162261
-0.0600053
-0.0325348
-0.0126151
-0.0627807
-0.0848787
-0.0707983
-0.0825462
-0.0938086
-0.0663514
-0.0361753
0.0470468
0.0379151
0.00433007
-0.00324103
-0.0293554
-0.0640008
0.0169886
0.0633262
0.115264
0.131442
0.163236
0.154729
0.0927108
0.0590643
0.122242
0.185748
0.19607
0.188592
0.177234
0.117034
0.095905
0.0695281
0.0738941
0.0543793
0.0805848
0.0460375
0.0422925
0.00423048
-0.0213115
-0.0802183
-0.0899818
-0.129562
-0.201236
-0.283962
-0.299314
-0.267275
-0.326234
-0.262875
-0.304361
-0.296639
-0.29291
-0.301082
-0.175014
-0.153905
-0.110188
-0.182907
-0.222817
-0.258893
-0.21035
-0.0997199
-0.091053
-0.0608479
0.0220586
0.116042
0.144317
0.157248
0.227353
0.276985
0.268436
0.242643
0.27247
0.218342
0.214374
0.135053
0.14267
0.171684
0.197771
0.127829
0.200409
0.131043
0.127569
0.139055
0.143495
0.0873421
0.0582241
0.0614651
-0.02489
-0.0767741
-0.138672
-0.144248
-0.144567
-0.161456
-0.12661
-0.104733
-0.146763
-0.101825
-0.106058
-0.11921
-0.153341
-0.194878
-0.154129
-0.0763161
-0.105507
-0.108814
-0.129857
-0.086853
-0.0479955
-0.0568467
0.050532
0.0821388
0.098403
0.159313
0.193091
0.120835
0.126918
0.0488041
0.0726284
0.065314
0.103558
0.0918582
0.12784
0.0475187
-0.00849999
-0.086036
-0.0429383
-0.0442984
-0.0746296
-0.0286976
-0.0322855
-0.0339307
-0.0931668
-0.111501
-0.120725
-0.102946
-0.0910721
-0.0910767
-0.0301977
-0.0434768
-0.0315522
-0.0446087
-0.0562363
-0.041419
0.00367626
0.0649489
0.051654
0.0948289
0.141048
0.225114
0.192004
0.167822
0.22969
0.225709
0.202038
0.207358
0.25194
0.219506
0.238258
0.185169
0.211754
0.197767
0.159595
0.152038
0.138336
0.158059
0.097702
-0.00779793
-0.0233138
-0.103463
-0.1708
-0.182143
-0.120098
-0.197865
-0.260091
-0.310815
-0.335528
-0.341895
-0.261963
-0.259828
-0.170158
-0.211364
-0.222268
-0.206269
-0.209112
-0.211044
-0.176188
-0.102716
-0.134729
-0.0959114
-0.0682307
0.00755514
0.017727
0.0749137
0.154226
0.197964
0.255604
0.223323
0.286233
0.315489
0.275943
0.124548
0.109033
0.124613
0.161053
0.254032
0.362399
0.309985
0.266603
0.263689
0.238824
0.219733
0.133861
0.0789809
0.0218713
-0.117774
-0.183577
-0.183524
-0.23223
-0.25375
-0.209995
-0.199281
-0.180405
-0.187119
-0.252983
-0.264423
-0.233267
-0.255664
-0.269095
-0.278754
-0.25208
-0.248531
-0.177286
-0.16367
-0.158749
-0.138848
-0.125336
-0.0757515
-0.0237055
0.0450286
0.123288
0.142395
0.166171
0.0944237
0.0778876
0.0371888
0.0789036
0.105348
0.219443
0.21272
0.165557
0.18541
0.19606
0.215829
0.19246
0.182381
0.212115
0.167939
0.141258
0.097185
0.118795
0.113356
0.0744754
0.0282002
0.0358312
0.00741043
0.0232567
-0.0216981
-0.0401856
-0.0411403
0.00708
0.0130286
-0.0445146
0.0103175
-0.0453368
-0.0174752
-0.0629692
-0.0600615
-0.0538587
0.0104269
-0.0690372
-0.00473693
0.0677859
0.0139283
0.0869352
0.00652695
0.0389967
0.0578907
0.0370212
-0.025889
0.0120302
0.00410712
-0.0331886
-0.104546
-0.0874883
-0.124509
-0.121406
-0.135339
-0.122021
-0.103327
-0.101296
-0.179765
-0.154526
-0.190959
-0.121736
-0.0587116
-0.0142824
-0.00888783
-0.0567844
-0.111385
-0.112736
-0.0864636
-0.0286989
-0.039823
0.0224406
0.0266909
0.0553109
0.0789289
0.0696935
0.0189156
0.0438904
0.127758
0.118003
0.184537
0.137732
0.161382
0.0796396
0.0633939
0.0934427
0.0976558
0.119008
0.107022
0.135849
0.0879782
0.0416661
0.0249154
0.00244458
-0.0209335
-0.0623388
-0.058102
-0.0593077
-0.13275
-0.168787
-0.138826
-0.12496
-0.214668
-0.196585
-0.276993
-0.194845
-0.109811
-0.148051
-0.209808
-0.21093
-0.271822
-0.261569
-0.217565
-0.147528
-0.0784603
-0.0333192
0.000380859
0.0621573
0.106016
0.134036
0.164403
0.197785
0.191412
0.213607
0.192007
0.136524
0.105226
0.113951
0.129117
0.167771
0.195236
0.214328
0.200067
0.210358
0.200426
0.225329
0.198249
0.121609
0.0794856
0.12403
0.0372355
-0.00173287
-0.00209047
-0.0277194
-0.00319258
-0.0210824
-0.0412923
0.0601258
0.0466791
-0.00291332
-0.0279507
-0.0742667
-0.138179
-0.128193
-0.0776251
-0.0296147
-0.0341517
-0.0410983
-0.0483146
-0.0661705
-0.0260957
0.0217738
0.005589
-0.0207312
-0.0481681
-0.00874471
-0.0508297
-0.0797103
-0.093947
-0.0844118
-0.0747814
-0.0595851
-0.0647948
-0.071596
-0.0978582
-0.0866219
-0.0578378
-0.0617182
-0.114396
-0.122514
-0.0947364
-0.137264
-0.141745
-0.176261
-0.194527
-0.179906
-0.190875
-0.129737
-0.0826168
-0.0170654
-0.00752515
0.059423
0.0188637
0.0446007
0.00145699
0.0011073
0.0854324
0.146014
0.149403
0.124395
0.178585
0.158353
0.153386
0.227948
0.236939
0.234802
0.315564
0.345294
0.224689
0.181992
0.165057
0.123976
0.130043
0.130771
0.0948039
0.123166
0.0235505
0.0350775
0.0695294
0.0517885
0.00804286
-0.0710931
-0.0896503
-0.104668
-0.14453
-0.197231
-0.213728
-0.183769
-0.212309
-0.194946
-0.229261
-0.234249
-0.234905
-0.148877
-0.214588
-0.171126
-0.168537
-0.133556
-0.0483184
-0.0369459
0.00831501
-0.0043291
0.0309646
0.0331605
0.103441
0.152532
0.177631
0.163759
0.178963
0.192686
0.15108
0.157413
0.079825
0.0910489
0.14663
0.165358
0.239466
0.275294
0.232957
0.166828
0.0849075
0.0966812
0.0408619
0.00870684
0.00560457
0.023437
-0.060085
-0.0995069
-0.152973
-0.191287
-0.226113
-0.165488
-0.139164
-0.09598
-0.125551
-0.174819
-0.190302
-0.137973
-0.243018
-0.190884
-0.158753
-0.176206
-0.155028
-0.12183
-0.0257713
-0.013343
0.0298013
0.0813646
0.159927
0.19831
0.232919
0.246225
0.230623
0.126218
0.0711123
0.0167616
-0.0131578
0.0546369
0.095794
0.140787
0.123025
0.123062
0.11679
0.116689
0.0847242
0.0267602
0.0554164
0.0850077
-0.00440712
-0.0457028
-0.0810523
-0.0750913
-0.0893532
-0.109832
-0.125257
-0.0399933
-0.113055
-0.154059
-0.119574
-0.120709
-0.168738
-0.112154
-0.0878554
-0.034292
-0.0271597
-0.0133102
0.0176484
0.00483189
0.0152842
0.0398688
0.0621381
0.0800831
0.128604
0.138455
0.135465
0.138934
0.0763599
0.0345252
-0.00853398
0.0285722
-0.00690007
0.0488482
-0.0397194
-0.115128
-0.0612788
-0.0919971
-0.0534698
-0.128524
-0.114589
-0.0270779
-0.0733564
-0.108808
-0.121378
-0.177525
-0.245259
-0.245421
-0.19301
-0.174838
-0.202368
-0.209153
-0.223536
-0.169515
-0.153555
-0.0675956
-0.0826938
0.00605685
0.0328585
0.0605303
0.0658845
0.113101
0.110599
0.114096
0.146469
0.168573
0.205875
0.231866
0.247221
0.261935
0.196129
0.15103
0.219294
0.130618
0.138578
0.192201
0.15747
0.118641
0.0512995
-0.00484524
-0.000671245
-0.0157558
-0.00679196
0.00313884
-0.120148
-0.129991
-0.156188
-0.118377
-0.161074
-0.157956
-0.174144
-0.150139
-0.203117
-0.215135
-0.264764
-0.276298
-0.344538
-0.323181
-0.2225
-0.194543
-0.151353
-0.0876553
-0.0391291
0.00571238
-0.0193813
0.0358206
0.152005
0.173708
0.181135
0.191192
0.17705
0.191835
0.185044
0.155585
0.156491
0.266442
0.275822
0.290039
0.264075
0.241527
0.283549
0.231002
0.219175
0.125649
0.136545
0.101919
0.0352516
0.0351517
0.0388381
0.0813516
0.00755324
-0.025672
-0.0219352
0.0290123
0.00668543
-0.0252815
-0.0556938
-0.103911
-0.149783
-0.141192
-0.114387
-0.10427
-0.0937488
-0.0907406
-0.0952434
-0.0171151
-0.0739609
0.023456
0.0672889
0.106204
0.0760744
0.0697102
0.0431362
-0.017177
-0.0105047
0.0266
0.0991504
0.151832
0.174248
0.200293
0.186267
0.112887
0.119702
0.0880993
0.0316871
-0.00181897
0.0219501
0.0167329
-0.044359
-0.0765187
-0.0298568
-0.0722446
-0.127312
-0.105424
-0.107759
-0.0317286
0.00132828
-0.0329153
-0.144999
-0.147173
-0.196035
-0.144775
-0.148249
-0.136748
-0.182712
-0.150093
-0.0634945
-0.069333
-0.0412185
0.00466633
-0.011105
0.0124123
0.0140041
0.0535206
0.0362975
0.029066
-0.059958
-0.0432714
-0.0151185
0.0355506
0.0550915
0.0964917
0.0360479
0.0284
0.0819475
0.0411942
0.0280746
0.0142573
0.0426721
0.0589257
-0.000690102
-0.0984075
-0.0544
-0.14447
-0.12322
-0.0954307
-0.0850822
-0.0162243
-0.00300417
0.0479136
0.051708
0.0580748
0.000412976
-0.0018504
0.00514702
0.0286476
-0.0249657
-0.0261933
-0.0187768
-0.0226382
-0.0203006
0.0806197
0.0750004
0.133046
0.131252
0.126739
0.0776082
0.0619882
0.0777304
0.0834046
0.0756751
0.0826955
0.0617398
0.0695168
0.0392865
0.0335299
0.0332692
0.0110051
-0.0217172
-0.0473188
-0.0417406
-0.0609117
-0.0598669
-0.0668515
-0.093758
-0.132918
-0.119275
-0.140559
-0.101599
-0.0400504
-0.0518908
-0.0229169
-0.0567153
-0.0261672
-0.0982167
-0.14664
-0.116328
-0.0817212
-0.0528612
-0.02869
0.00184413
0.0206484
0.00645762
0.0240221
0.074368
0.020333
-0.00439859
0.0478103
0.00771646
0.00761792
-0.0682213
-0.0703744
-0.0312201
-0.00199026
-0.000109474
-0.00590009
-0.0187759
-0.0568478
-0.0703781
-0.0621808
-0.0931381
-0.0765735
-0.0907298
-0.0647669
-0.0979906
-0.114624
-0.133843
-0.156463
-0.104278
-0.0712875
-0.0390621
-0.0326613
-0.0402677
-0.0388255
-0.0359843
-0.00413125
-0.059521
0.00362747
0.0286859
0.0534511
0.00255536
0.0332436
0.138769
0.187828
0.198417
0.259969
0.292228
0.286973
0.233376
0.213075
0.205712
0.201838
0.055382
-0.00900239
-0.0219796
0.0258015
0.0554094
0.0547402
0.0265383
-0.0200012
-0.0416676
-0.0228986
-0.00263334
-0.055694
-0.0807619
-0.0888246
-0.153305
-0.235563
-0.258627
-0.293926
-0.333577
-0.305379
-0.240957
-0.194956
-0.182334
-0.1858
-0.151299
-0.126423
-0.124901
-0.0573195
0.016085
0.00623041
0.00629857
0.0274726
0.0175101
0.0311686
-0.00714761
0.0696245
0.0857757
0.158585
0.210981
0.228611
0.265702
0.27147
0.243619
0.265102
0.196015
0.218644
0.17895
0.234552
0.22869
0.170035
0.143972
0.0808188
0.0670806
0.0727339
0.065391
0.0437961
0.0200691
-0.0149967
-0.0567501
-0.117003
-0.163393
-0.17454
-0.216137
-0.143736
-0.124424
-0.162582
-0.140962
-0.159387
-0.190297
-0.124278
-0.109315
-0.107213
-0.0603666
-0.0592779
0.0301218
0.0168367
0.0103314
0.0574303
0.10443
0.108271
0.103193
0.123233
0.049161
0.0855105
0.0216821
0.0780554
0.0929855
0.151095
0.130974
0.177015
0.126187
0.0581653
0.00468574
-0.0183002
0.0220064
-0.0360616
-0.063477
-0.0751505
-0.0896649
-0.0763821
-0.0953187
-0.115135
-0.133083
-0.0447619
-0.0233047
0.0386898
-0.023684
-0.0383014
-0.0545587
-0.145143
-0.18597
-0.164838
-0.12984
-0.130329
-0.0613771
0.0362696
0.0911925
0.108743
0.0909206
0.0963605
0.106831
0.111856
0.118435
0.0868886
0.0765005
0.133743
0.113791
0.118845
0.154732
0.169928
0.148128
0.20672
0.167918
0.147464
0.0904153
-0.00652657
-0.0119214
-0.109959
-0.127572
-0.125485
-0.193825
-0.20588
-0.185274
-0.181209
-0.25259
-0.197434
-0.136399
-0.0703717
-0.0405997
0.00283446
-0.0765262
-0.123049
-0.134549
-0.115495
-0.0197835
-0.0549888
-0.0324933
-0.0368764
-0.0476915
0.00884276
0.00860456
0.102592
0.109821
0.118461
0.131724
0.152906
0.159349
0.112579
0.023642
0.0608899
0.0439669
0.059736
0.0651338
0.0584133
0.0212141
-0.000181868
0.0123808
0.0213287
-0.011052
-0.0388436
-0.0116758
-0.0390642
-0.0579952
-0.161653
-0.195379
-0.212643
-0.196266
-0.147248
-0.148895
-0.116706
-0.0588416
-0.0629544
-0.120109
-0.0904129
-0.133236
-0.0568905
-0.00771345
-0.000817935
-0.00352309
0.0735369
0.125743
0.0879065
0.0405413
0.140396
0.181815
0.217424
0.22992
0.305775
0.213205
0.168537
0.128337
0.120116
0.132344
0.152758
0.112939
0.129734
0.135246
0.0504537
0.02832
0.0324007
-0.037339
-0.0147844
-0.0234764
-0.0576154
-0.144351
-0.177337
-0.162856
-0.184149
-0.213974
-0.225477
-0.203462
-0.149163
-0.103002
-0.10575
-0.118904
-0.170502
-0.195394
-0.165899
-0.12609
-0.134012
-0.0439082
-0.0563304
0.00555021
-0.0240261
-0.0160112
0.0514181
0.0964252
0.144421
0.194758
0.260016
0.243513
0.208459
0.0978197
0.128876
0.107701
0.128662
0.0879119
0.187329
0.156401
0.101336
0.0123279
0.0271942
-0.0512674
-0.0945465
-0.101883
-0.0635713
-0.146003
-0.138808
-0.115857
-0.158876
-0.135182
-0.118509
-0.111825
-0.0695972
-0.0409481
-0.0807314
-0.094161
-0.103397
-0.103345
-0.133819
-0.0680295
-0.0885571
-0.0580803
-0.0265874
0.0372012
0.0481555
0.0453953
0.117535
0.133801
0.0841056
0.0759711
0.11922
0.109718
0.139479
0.0647974
0.0968835
0.124019
0.158787
0.200426
0.206151
0.156682
0.077378
0.0320136
0.0201725
0.0285106
0.00206339
-0.0691585
-0.0299027
-0.125169
-0.148489
-0.211022
-0.210949
-0.179639
-0.149153
-0.146729
-0.0880795
-0.0785958
-0.0782376
-0.0634656
-0.0281944
-0.0636895
-0.0835536
-0.0616756
-0.0641557
-0.0633109
-0.0179585
0.0954947
0.0813557
0.0523319
0.0991386
0.184201
0.214008
0.234428
0.309597
0.307855
0.297076
0.18518
0.185538
0.201093
0.208603
0.206006
0.239439
0.167548
0.136995
0.15547
0.135494
0.0834274
0.0463932
0.0405328
-0.0107965
-0.0802031
-0.161286
-0.201276
-0.184842
-0.235751
-0.241507
-0.245045
-0.223457
-0.251352
-0.269586
-0.301577
-0.280955
-0.261985
-0.234055
-0.203477
-0.204624
-0.190839
-0.201563
-0.187802
-0.170957
-0.141876
-0.0759644
-0.0541643
-0.0449059
0.0558475
0.0630109
0.122368
0.145967
0.135958
0.21188
0.170267
0.212786
0.203177
0.246349
0.183743
0.12212
0.0777324
0.110836
0.100514
0.0746403
0.0631436
0.0746468
0.0581725
0.00050245
-0.021966
-0.0304342
-0.0678584
-0.0376461
-0.0505411
0.0444441
0.0041195
-0.0481006
-0.123027
-0.128873
-0.143451
-0.0949088
-0.0687319
-0.0920154
-0.0718894
-0.0251221
-0.0206884
-0.0889052
-0.0758046
-0.0554129
-0.025728
-0.0318105
0.0148318
-0.00600361
-0.0221763
-0.0309544
0.00596023
0.0512431
0.0604847
0.11277
0.150877
0.220903
0.258455
0.186586
0.0966468
0.083197
0.0779039
0.0383582
-0.0443187
-0.0598216
-0.107464
-0.0778364
-0.0378268
-0.0253188
-0.0604017
0.00605822
-0.0164154
0.0603771
0.0867301
0.0467904
0.0301394
-0.0026047
-0.0843404
-0.0534218
-0.0570341
-0.0405301
0.0224622
0.0180353
0.0403647
0.0563351
0.0407892
0.0458598
0.100531
0.0696547
0.0698659
0.0798793
0.000728923
0.00135284
-0.0210323
-0.0363066
-0.0256445
-0.0377573
-0.0412907
0.0387526
0.0171953
0.0432318
0.0782069
0.0584012
0.0520795
-0.00255184
-0.0185988
-0.0169755
-0.0210419
-0.0308751
-0.085015
-0.12686
-0.165251
-0.147403
-0.148979
-0.0164266
-0.0412011
-0.0350516
-0.0803019
-0.0735764
-0.040751
-0.00949827
0.0253693
0.0101827
-0.000797418
-0.0202836
-0.00176532
0.017534
0.0385634
0.132629
0.163585
0.175629
0.168224
0.134859
0.0619998
0.0530293
0.0286927
-0.00657615
0.0216047
-0.00908218
-0.0140701
0.00670862
0.0119069
-0.0192496
-0.0256819
0.0116668
-0.0429039
-0.0886766
-0.116516
-0.0606883
-0.111873
-0.197512
-0.212582
-0.19186
-0.247596
-0.243845
-0.223435
-0.127236
-0.061025
-0.00989792
-0.0663854
-0.0933824
-0.124671
-0.0469523
0.0316881
0.0528609
0.0541688
0.0875418
0.0915195
0.0863579
0.136979
0.178688
0.217777
0.182266
0.214813
0.228056
0.161944
0.170863
0.100431
0.157858
0.157906
0.171971
0.167376
0.135775
0.136321
0.122301
0.146709
0.121707
0.0776882
-0.035122
0.0113159
-0.0381848
-0.130834
-0.159943
-0.163091
-0.149018
-0.196074
-0.153346
-0.154241
-0.141745
-0.102257
-0.133133
-0.190793
-0.140917
-0.236884
-0.190832
-0.139589
-0.0359379
-0.00699628
-0.0121207
0.0333733
-0.0144537
0.0192237
0.0709135
0.0912732
0.118814
0.123043
0.173701
0.148163
0.132014
0.1038
0.0730571
0.0526376
0.0630274
0.0998504
0.151405
0.10826
0.0456557
0.0447331
0.0551388
-0.00293201
-0.0186735
0.0255364
0.0228231
-0.0291263
-0.0758639
-0.115521
-0.101338
-0.119608
-0.0558609
-0.0629342
-0.0180887
-0.0562436
-0.0754926
-0.12053
-0.104214
-0.0876478
-0.0647891
-0.0361708
-0.0103062
-0.00270858
0.0281991
0.0759171
0.038786
0.0377758
0.011417
0.0326894
0.0332284
0.111125
0.169127
0.153202
0.175701
0.049776
0.00907736
0.0232972
0.053926
0.0336275
0.0397378
-0.000258085
-0.0420367
-0.0530782
-0.0701499
-0.0904575
-0.166325
-0.16954
-0.129296
-0.18409
-0.197295
-0.210699
-0.219317
-0.231074
-0.233849
-0.170194
-0.11245
-0.141711
-0.0967024
-0.0784499
-0.0250455
-0.0764796
-0.0364997
-0.0342102
0.00333474
-0.0142554
0.0593427
0.0916765
0.137935
0.16363
0.223602
0.337057
0.368924
0.385608
0.415945
0.407707
0.375
0.304095
0.218018
0.246963
0.204324
0.24861
0.247753
0.164072
0.153043
0.174752
0.148489
0.129634
0.0474004
0.0598885
0.0345158
-0.104626
-0.116943
-0.166023
-0.17809
-0.213366
-0.188378
-0.244471
-0.20521
-0.231331
-0.314554
-0.287415
-0.263542
-0.296729
-0.26211
-0.238379
-0.216379
-0.173724
-0.156762
-0.141888
-0.121226
-0.159146
-0.106399
-0.101434
-0.0687752
-0.00624134
0.0565701
0.0859237
0.0929668
0.0955291
0.0740914
0.0831177
0.162564
0.245843
0.321267
0.218288
0.174735
0.0826227
0.0585984
0.0451313
0.0329062
0.10638
0.0793267
0.031015
-0.0268083
-0.0501672
-0.0567566
-0.0575394
-0.0554023
-0.101408
-0.0920949
-0.14957
-0.15164
-0.179154
-0.182123
-0.18676
-0.178295
-0.17007
-0.158277
-0.119347
-0.0853417
-0.0205555
0.0242311
0.0214289
0.0686362
0.0352241
0.00419253
0.0298332
0.0304917
0.0115946
-0.0122925
-0.0526264
-0.0223308
0.0270499
0.0990849
0.117169
0.176922
0.135699
0.0905069
0.0894638
0.0679691
0.0661888
0.0342938
0.00135398
-0.037646
-0.0465927
-0.0651987
-0.0329212
-0.0321952
-0.0930844
-0.0350734
0.0484984
0.0743519
0.0350511
0.0658597
-0.00697533
-0.0153377
-0.121705
-0.0870353
-0.0264446
0.0140441
0.0223877
0.0458065
0.0856438
0.056918
0.0726005
0.111112
0.0932493
0.179416
0.166378
0.153331
0.10855
0.0591571
0.0317694
-0.00116697
0.0155217
0.0117443
0.050035
0.0997746
0.0955493
0.0962413
0.11226
0.0296432
0.00348295
-0.0283765
-0.0427751
-0.0442614
-0.118478
-0.161287
-0.126786
-0.171322
-0.236136
-0.217127
-0.220528
-0.0827669
-0.0709277
-0.0678972
-0.0724537
-0.0577118
-0.134697
-0.0786873
-0.0275337
-0.0379508
-0.0930905
-0.111231
-0.0575044
-0.00688723
-0.00740767
0.0615085
0.143108
0.203425
0.170691
0.239434
0.20291
0.137973
0.120487
0.095983
0.115579
0.115787
0.0851676
0.151377
0.138279
0.119231
0.135848
0.13483
0.107977
0.00881085
0.0444228
0.0395211
0.0217374
-0.0205408
0.00888338
-0.0950085
-0.0829732
-0.0884424
-0.111872
-0.0791779
-0.172354
-0.15291
-0.177392
-0.166206
-0.243723
-0.17696
-0.162971
-0.116064
-0.113813
-0.101974
-0.0743152
-0.0773605
-0.119583
-0.0468907
0.0731239
0.0619131
0.0292913
0.0295944
-0.0205145
0.0137309
-0.0492155
0.0195545
0.04775
0.0901689
0.0321257
0.0699103
0.103375
0.0642201
0.11267
0.0723598
0.0454981
0.0212276
0.0250917
0.0254702
0.0140166
0.00824067
0.0265338
0.0141657
-0.0267374
-0.0844339
0.0146373
0.0125977
0.0701935
0.0431454
0.00635552
-0.00542203
-0.106056
-0.0339251
0.0596096
0.0804386
0.0336837
0.000878109
0.0146159
-0.00128259
-0.0146351
0.088621
0.0831109
0.098374
0.11039
0.123492
0.0767318
0.0805358
-0.0306665
-0.0277973
-0.0401284
0.0560174
0.0272196
0.0503196
-0.017914
-0.0299554
-0.0112071
-0.0144058
-0.0373401
-0.0710703
-0.0831379
-0.0455138
-0.0659404
-0.146415
-0.135505
-0.169961
-0.136392
-0.0791528
-0.0752149
-0.0751825
-0.0331694
-0.029036
-0.0498028
-0.04575
-0.0793707
-0.103943
-0.074966
-0.028306
-0.0245432
-0.0156272
0.0197506
0.0352968
0.0830708
0.126371
0.129929
0.147744
0.121894
0.108981
0.120725
0.0905234
-0.0276439
-0.00113889
-0.0177534
0.0152922
0.0169687
-0.00868034
-0.00483586
-0.0538557
-0.0645981
-0.0806488
-0.0616892
-0.0650076
-0.0446782
-0.0141391
-0.114447
-0.084415
-0.175129
-0.198949
-0.188742
-0.114817
-0.0861555
-0.0105814
0.0321175
-0.0158771
-0.0113997
-0.0361609
-0.0241177
0.00468798
0.0649982
0.11907
0.135139
0.178159
0.224715
0.207699
0.157469
0.191667
0.254131
0.261277
0.216489
0.249147
0.212866
0.203757
0.108683
0.0436171
0.0420093
0.149398
0.12356
0.142006
0.0867109
0.0255556
0.0534113
-0.00690521
-0.0414119
-0.107407
-0.11808
-0.11326
-0.18482
-0.231897
-0.293036
-0.329314
-0.291697
-0.298702
-0.275784
-0.222789
-0.27823
-0.262879
-0.219428
-0.214751
-0.220736
-0.132052
-0.0821225
-0.0818969
-0.0163084
0.0665999
0.0784418
0.0902962
0.0339986
0.0704762
0.0485476
0.0450057
0.0895026
0.0912533
0.104537
0.148867
0.115452
0.065935
0.0905282
0.151847
0.169282
0.223722
0.109502
0.0504065
-0.00622392
0.0114809
0.0667198
0.0669565
0.022928
-0.00391388
0.00119884
-0.0484061
-0.0328775
-0.0265336
-0.0360365
-0.00849915
-0.0251654
-0.034004
-0.0945463
-0.0873034
-0.126816
-0.120778
-0.118964
-0.105483
-0.0623907
-0.10997
0.000399035
0.0393983
0.117261
0.129621
0.115462
0.190658
0.221232
0.197037
0.151797
0.160515
0.129561
0.0918536
-0.0558638
-0.014365
-0.00205819
0.00794366
0.0386897
0.0850739
0.0395413
0.0404476
-0.0372764
-0.0926861
-0.0996055
-0.112139
-0.119364
-0.149393
-0.190629
-0.241557
-0.24798
-0.267593
-0.271793
-0.167958
-0.12923
-0.0652337
-0.00518175
0.00492506
-0.014101
-0.0702929
-0.11489
-0.0707134
-0.0564658
-0.0556964
-0.0695358
-0.0159947
0.0570727
0.0978644
0.145094
0.264558
0.297182
0.330908
0.364947
0.337185
0.330204
0.310537
0.279398
0.245734
0.234566
0.243833
0.162153
0.174477
0.160323
0.123
0.100983
0.101694
0.0645129
0.042469
0.00153802
-0.0148085
-0.0870718
-0.163735
-0.192935
-0.2648
-0.331245
-0.338793
-0.288057
-0.246435
-0.280578
-0.24548
-0.258601
-0.223913
-0.265995
-0.235681
-0.205445
-0.226304
-0.206783
-0.180026
-0.131914
-0.100808
-0.0737663
0.009406
0.0592457
0.107164
0.143461
0.212609
0.195901
0.114164
0.111532
0.118792
0.144746
0.164197
0.152815
0.197621
0.174751
0.124006
0.0962448
0.139263
0.119466
0.132049
0.113312
0.147013
0.0781784
0.0590477
0.0871474
0.0367057
-0.00698573
-0.0579893
-0.130196
-0.0739443
-0.0614438
-0.121999
-0.145874
-0.250953
-0.289437
-0.235879
-0.161198
-0.143839
-0.14941
-0.0968065
-0.0683329
-0.0862094
-0.0926205
-0.0603868
-0.0257154
-0.0443746
-0.067409
0.0222284
0.0547074
0.0650032
0.0159168
0.0888322
0.063078
0.0865117
0.0509175
0.0835208
0.090216
0.0692135
0.080091
0.0863513
0.022113
-0.0413561
-0.0235275
0.0310597
-0.0140585
0.00267162
0.0135645
-0.0425723
-0.0184539
0.044148
0.0870515
0.0993577
0.10065
0.0788176
0.0544075
0.0448302
0.00123185
0.031199
0.0605862
0.100859
0.09346
0.0649056
0.046943
0.0145425
0.0581197
0.11385
0.158827
0.115303
0.142486
0.135989
0.0982929
0.0810255
0.0120389
0.0282775
0.0146111
-0.0322792
-0.0931306
-0.0307273
-0.0673673
-0.0907806
-0.0921699
-0.116034
-0.147295
-0.198476
-0.25165
-0.262644
-0.325912
-0.339807
-0.388151
-0.345813
-0.39268
-0.327046
-0.301254
-0.231946
-0.171582
-0.132879
-0.187385
-0.14416
-0.0947733
-0.107001
-0.0432007
-0.0311255
0.0612839
0.0908595
0.150869
0.126211
0.105281
0.188221
0.221385
0.222192
0.32128
0.354248
0.32481
0.313973
0.223563
0.284991
0.333345
0.385911
0.369006
0.386391
0.335972
0.256996
0.241207
0.19496
0.126322
0.0798195
0.0257922
0.024005
0.0308144
-0.0592699
-0.147971
-0.164232
-0.204753
-0.188293
-0.235273
-0.160127
-0.154002
-0.194996
-0.162698
-0.220441
-0.2572
-0.228996
-0.202844
-0.141051
-0.138595
-0.108468
-0.0745505
-0.0972058
-0.0933421
-0.0317155
0.0311693
0.0200585
0.0406135
0.069768
0.11774
0.0990798
0.0787184
0.122819
0.0819567
0.143178
0.171926
0.233495
0.204187
0.134778
0.0921761
0.117455
0.0923845
0.0650249
0.0960813
0.117227
0.00538625
0.0124486
0.0105485
-0.0318661
-0.0391028
-0.0362108
-0.0688597
0.00822939
-0.0305268
-0.0555799
-0.108448
-0.160677
-0.179084
-0.161236
-0.118504
-0.112984
-0.0841101
-0.0707834
-0.0313736
-0.023845
-0.0057977
-0.0488384
-0.0339366
-0.00854731
-0.00524349
0.0306824
0.0269936
0.0157178
-0.00455485
-0.00037927
-0.0367382
0.0193771
0.0630472
0.121107
0.059386
0.00304208
-0.00222
0.00971791
-0.0154334
-0.063832
-0.070182
-0.0428522
-0.0877298
-0.179833
-0.191955
-0.18154
-0.174995
-0.169535
-0.162528
-0.02439
-0.0147918
-0.00427582
-0.0730473
-0.0393611
-0.122389
-0.0931668
-0.0755534
-0.127366
-0.0796257
0.00650791
0.101761
0.122204
0.104682
0.191356
0.213278
0.188576
0.239265
0.250365
0.203873
0.195511
0.177538
0.151073
0.231619
0.184392
0.271417
0.310356
0.271997
0.281064
0.230723
0.226388
0.22074
0.205156
0.105972
0.0707957
0.00474209
-0.06652
-0.114421
-0.0622515
-0.128914
-0.0821956
-0.037104
0.0293418
-0.00901458
-0.0898759
-0.166301
-0.172172
-0.212057
-0.21119
-0.194231
-0.235004
-0.225054
-0.197459
-0.157733
-0.150462
-0.143228
-0.0951814
-0.0127419
-0.0170391
0.0340851
0.0282078
-0.0237756
0.002143
-0.0590779
-0.069067
-0.0800662
-0.0956286
-0.0658252
-0.0283698
-0.00274296
-0.0513336
-0.0408794
-0.032099
-0.0160188
0.0137145
0.0428106
0.0895946
0.0112761
-0.0217782
-0.0374288
0.00308514
-0.0814127
-0.078843
-0.0649546
0.00815403
0.0198997
0.0547739
0.0176604
0.0637997
0.0266763
0.0594366
0.0811445
0.0656858
0.112935
0.0550923
0.0444295
0.0652972
0.0205169
0.0583379
0.0853862
0.134852
0.129993
0.162594
0.114979
0.0711135
0.0523781
0.0552376
0.0885078
0.0437764
0.0767584
0.0163993
0.0163269
-0.0638472
-0.0882907
-0.0735035
-0.146581
-0.185762
-0.181641
-0.134037
-0.145716
-0.198966
-0.186535
-0.173635
-0.168004
-0.165888
-0.173158
-0.0658397
-0.0586246
-0.0599578
-0.0767585
-0.0649785
-0.0988967
-0.0124754
0.0149917
0.0709326
0.039741
0.0533214
0.0961555
0.076799
0.0873113
0.121918
0.124817
0.128933
0.149403
0.1587
0.111133
0.133905
0.102714
0.107586
0.0871496
0.128759
0.0830012
0.127927
0.117908
0.056983
0.00651178
-0.0603359
-0.0513611
-0.12584
-0.0867253
-0.0892573
-0.156659
-0.202456
-0.193864
-0.19293
-0.206451
-0.161842
-0.12015
-0.0540199
-0.00559611
-0.0411973
-0.0834632
-0.0926345
-0.102703
-0.0911881
-0.0469159
-0.0102297
-0.0508348
-0.022524
0.0137898
0.108928
0.132542
0.129105
0.134765
0.164023
0.241906
0.266564
0.252743
0.245013
0.163314
0.183586
0.156043
0.151822
0.132477
0.167339
0.110345
0.0986596
0.0793531
0.0538504
0.0134808
-0.0911078
-0.0837997
-0.119472
-0.1985
-0.200187
-0.196516
-0.190139
-0.171932
-0.15702
-0.179829
-0.113896
-0.110377
-0.0845396
-0.152952
-0.114198
-0.128363
-0.154945
-0.147931
-0.0913881
-0.00908798
0.0311955
-0.00703049
0.00841204
0.0081679
0.0322649
0.132197
0.149213
0.157234
0.155207
0.173178
0.171855
0.167195
0.143768
0.193459
0.187643
0.178086
0.174729
0.107642
0.0451549
-0.000225742
0.0254362
-0.00795197
-0.0388963
-0.0519404
-0.0877199
-0.130046
-0.138896
-0.129567
-0.116124
-0.187841
-0.132659
-0.102635
-0.0856132
-0.140232
-0.160099
-0.168072
-0.167665
-0.200083
-0.15882
-0.128037
-0.0749183
-0.0615053
-0.0430437
-0.014531
0.0059172
-0.0132952
0.0444639
0.0829296
0.0920707
0.159101
0.204051
0.180456
0.186431
0.0774044
0.0414548
0.0580006
0.0862967
0.133515
0.181246
0.0933018
0.0595113
0.0833329
0.0194674
-0.00216798
-0.0554553
-0.0449628
-0.0930165
-0.167292
-0.211724
-0.21447
-0.225768
-0.218898
-0.155498
-0.14527
-0.120077
-0.157003
-0.181381
-0.197638
-0.163057
-0.19703
-0.14877
-0.108761
-0.0500047
-0.0751569
-0.0415613
0.0315019
0.0463212
0.0343637
0.102668
0.106961
0.160153
0.197645
0.231755
0.256456
0.245433
0.233692
0.225896
0.201054
0.246023
0.339445
0.374168
0.314472
0.224105
0.266926
0.228154
0.159325
0.111642
0.0740064
0.068334
0.00589406
-0.00556962
0.0225794
-0.0126404
-0.0264914
-0.0642398
-0.0949715
0.00490045
-0.0283498
-0.0298556
-0.0992987
-0.160473
-0.232728
-0.180052
-0.164031
-0.211954
-0.182408
-0.1617
-0.104588
-0.124864
-0.0891282
-0.0551319
0.00282647
0.079673
0.0329344
0.0675865
-0.0611141
-0.0746652
-0.077323
-0.0441763
0.00455564
0.0243055
0.0297075
0.0985585
0.119874
0.132451
0.0919252
0.0670223
0.0596221
-0.0143731
0.0469588
0.010436
-0.056006
-0.0775189
-0.0798783
-0.0929572
-0.117464
-0.0674332
-0.0230497
0.0548818
0.0109296
0.037598
0.0357085
0.0236748
-0.0384855
-0.0280786
-0.0395284
-0.0734251
-0.102979
-0.103394
-0.0467077
-0.0538727
-0.0983946
-0.0866507
-0.000970567
-0.00233104
-0.0052265
0.0628219
0.0184359
0.0799627
0.0471621
0.0637338
0.0307865
0.010115
0.0329163
0.0546422
0.00664586
0.0178038
0.0440497
-0.0196627
0.0138971
0.0108611
-0.00277441
0.00910589
-0.045513
-0.0677837
-0.0917454
-0.090735
-0.132654
-0.152876
-0.0995032
-0.0501296
-0.0181365
-0.0345945
-0.0326676
0.0635946
0.0224176
0.0615662
0.123594
0.11061
0.038183
-0.00624102
0.0212165
-0.00570849
-0.0309386
0.0629808
0.100108
0.13872
0.160403
0.163092
0.137896
0.124175
0.0609902
0.0833991
0.102458
0.113275
0.0886471
0.097727
0.0759238
0.0034059
-0.0197838
-0.071329
-0.0747056
-0.0956304
-0.11518
-0.076442
-0.0698214
-0.148745
-0.105127
-0.140489
-0.184127
-0.188916
-0.164519
-0.109789
-0.0684785
-0.0783638
-0.152739
-0.168957
-0.232993
-0.1326
-0.0147905
0.0486237
0.0150669
0.036706
0.0320808
0.0766659
0.0712337
0.0921821
0.0832917
0.112635
0.0720958
0.0904614
0.0569277
0.0512437
0.000639492
0.0036384
0.0254509
0.0974608
0.0666682
0.120545
0.165046
0.151667
0.134349
0.0859344
0.0279986
-0.0828199
-0.0556457
-0.0659704
-0.118237
-0.124486
-0.118521
-0.119699
-0.152176
-0.114604
-0.100648
-0.0822791
-0.0556495
-0.0737831
-0.0133741
-0.061872
-0.0972601
-0.0499102
-0.0498739
-0.0366312
-0.0287558
-0.0342644
0.0307224
0.0496317
0.0235809
0.112231
0.14021
0.143756
0.167306
0.155011
0.107954
0.0834719
0.016117
-0.00525422
-0.0278676
0.0729604
0.0158297
0.05578
0.0277812
0.0438373
0.0184846
-0.00370694
-0.0351283
-0.0463368
-0.00393876
-0.00328845
-0.0124182
0.014426
7.51683e-05
-0.0134311
-0.0312667
-0.0929842
-0.0808363
-0.0151673
-0.00998787
-0.0071135
-0.0279421
-0.0520973
-0.0165937
-0.0136584
0.0487245
0.0211692
0.0367735
0.0784791
0.117187
0.108387
0.11765
0.184181
0.161553
0.158822
0.128207
0.15777
0.128295
0.123377
-0.00392781
-0.0101626
0.0568075
0.051574
-0.0133039
0.0052961
-0.0249073
-0.058431
-0.114692
-0.136683
-0.124534
-0.15319
-0.149859
-0.134012
-0.186732
-0.191058
-0.1813
-0.238186
-0.253912
-0.200671
-0.177957
-0.182479
-0.203757
-0.15827
-0.106786
-0.0707023
-0.0769715
-0.0679938
0.00179253
0.0152583
0.0544498
0.113064
0.126079
0.157274
0.167413
0.239045
0.266058
0.274762
0.210617
0.237108
0.241793
0.204385
0.0871345
0.0802497
0.0956204
0.159533
0.166006
0.198825
0.107057
0.0627956
0.0176558
0.0302362
0.0334504
-0.0349906
-0.0360943
-0.100049
-0.193251
-0.257653
-0.245859
-0.210002
-0.224287
-0.164819
-0.140661
-0.109165
-0.101314
-0.146187
-0.132867
-0.149615
-0.183223
-0.162909
-0.119904
-0.142132
-0.0364528
0.0465607
0.112312
0.117479
0.0966603
0.134876
0.180276
0.221474
0.263307
0.280314
0.205324
0.171555
0.082477
0.0723421
0.0421506
0.121787
0.127981
0.198398
0.13097
0.0748036
0.0689004
0.0591206
0.0176342
-0.00301626
-0.0379253
-0.0245247
-0.0378747
-0.121456
-0.145133
-0.216777
-0.166301
-0.147571
-0.149777
-0.103274
-0.135441
-0.104211
-0.174127
-0.166874
-0.217124
-0.180563
-0.201962
-0.162553
-0.129222
-0.146043
-0.0322337
-0.0614578
-0.00313218
0.079516
0.151038
0.158218
0.175151
0.212252
0.225941
0.22273
0.157485
0.138761
0.15057
0.124741
0.116756
0.165356
0.134199
0.100715
0.0501721
0.0463554
0.0364553
0.0584208
-0.0355356
-0.0513487
-0.143941
-0.14667
-0.185863
-0.226224
-0.237854
-0.203023
-0.185923
-0.154511
-0.102506
-0.0877981
-0.114341
-0.099337
-0.0963171
-0.0818604
-0.0641272
-0.0777262
-0.0821087
-0.0393628
0.0239572
-0.0122376
-0.0239289
-0.00169359
0.0908442
0.134799
0.152233
0.204524
0.209097
0.215501
0.116537
0.0886296
0.0879436
0.128962
0.0986185
0.144732
0.081398
0.0390242
0.0257096
-0.0123657
0.0453769
0.0168394
0.039254
0.071983
-0.0173828
-0.0521254
-0.102466
-0.155938
-0.192471
-0.213191
-0.241063
-0.183756
-0.167198
-0.161632
-0.15355
-0.153382
-0.175981
-0.0864223
-0.0126631
0.00661968
0.0182519
0.0292219
0.0549966
0.108641
0.136898
0.205667
0.241131
0.220989
0.216307
0.220855
0.159527
0.125733
0.0908092
0.131576
0.152424
0.168824
0.168896
0.183791
0.189211
0.116348
0.0862408
0.07155
0.00275968
-0.0824522
-0.11271
-0.0680155
-0.0598581
-0.062883
-0.14093
-0.193232
-0.217695
-0.205659
-0.197902
-0.164124
-0.180299
-0.229715
-0.319584
-0.317016
-0.318754
-0.263027
-0.159267
-0.112398
-0.109111
-0.0970011
-0.0088928
0.0127294
0.00649821
0.103626
0.163427
0.120689
0.110345
0.115118
0.125109
0.133429
0.1512
0.241182
0.206229
0.282939
0.256381
0.316576
0.264886
0.228305
0.269515
0.230679
0.157136
0.13313
0.134265
0.140808
0.114004
0.0137718
-0.0386307
-0.0506004
-0.115388
-0.0489482
-0.0666597
-0.0421779
0.000506359
-0.0211562
-0.0773116
-0.1454
-0.2215
-0.186899
-0.110086
-0.0915981
-0.0558442
-0.0887658
-0.0651007
-0.122362
-0.118893
-0.0327773
-0.0339632
-0.0179987
0.0447107
0.042714
0.0217425
-0.00770341
-0.0348801
-0.0717741
-0.0888505
-0.00318297
-0.030095
0.0374665
0.0417034
0.0392728
0.046977
0.0855643
0.0724944
0.0208872
0.028482
0.082416
0.0226618
-0.0100574
-0.0324486
-0.0712081
-0.10333
-0.0320113
-0.0765972
-0.0343117
-0.0576603
-0.0308469
-0.0287573
-0.0322148
-0.0253077
-0.0416503
0.0213883
-0.00264946
0.0559932
0.0616333
0.0240746
0.00599334
0.0453243
0.122822
0.104731
0.0315454
0.027433
0.0416161
0.0547788
0.0531708
-0.00257811
0.0278956
0.048933
0.081151
0.075554
0.0899724
0.0585964
0.0170868
-0.0284091
-0.0295417
-0.0828434
-0.117617
-0.12083
-0.111421
-0.145268
-0.129421
-0.136751
-0.182583
-0.15874
-0.125003
-0.117726
-0.0275824
-0.0823173
-0.0827789
-0.155679
-0.152717
-0.182671
-0.144295
-0.0969864
-0.0995159
-0.0618111
-0.0149044
0.0787678
0.107864
0.100903
0.200066
0.244512
0.250791
0.270363
0.26243
0.268089
0.129025
0.0505879
0.031374
0.0525401
0.067533
0.120845
0.155556
0.0856729
0.0721363
0.0801674
0.0852563
0.0207257
-0.0441321
-0.0868242
-0.0927918
-0.151921
-0.161667
-0.168918
-0.151788
-0.198044
-0.198482
-0.198691
-0.141828
-0.17296
-0.176294
-0.17265
-0.15735
-0.222276
-0.193652
-0.187665
-0.156809
-0.0866987
-0.0289902
0.00281443
0.0303546
0.0495222
0.129725
0.142704
0.11323
0.206433
0.181612
0.167621
0.17444
0.120644
0.124811
0.155795
0.155342
0.218381
0.269877
0.234557
0.13638
0.104175
0.169354
0.149108
0.146928
0.0933167
0.0847931
-0.0269919
-0.099322
-0.10621
-0.11178
-0.13509
-0.141775
-0.134524
-0.109102
-0.0945705
-0.126468
-0.14001
-0.0818977
-0.128484
-0.107435
-0.151297
-0.179274
-0.117102
-0.0721039
-0.0240719
-0.0447986
-0.0566709
-0.0319814
0.0223826
0.0212871
0.0463535
0.105173
0.0748807
0.0762046
-0.0060824
0.0191441
-0.0131915
0.0167013
0.0449709
0.0525988
0.0789572
0.012407
0.0106939
0.0449966
0.0571721
0.112132
0.0994812
0.116213
0.0597551
-0.0575549
-0.0851191
-0.0875951
-0.0895967
-0.0522835
-0.0787595
-0.0263606
-0.0318991
-0.0417625
-0.0565578
-0.0213939
-0.128654
-0.120872
-0.111526
-0.0581669
-0.0261217
0.013423
0.0738684
0.0520774
0.0340858
0.0236466
0.0933249
0.0944973
0.14604
0.188891
0.210572
0.180019
0.130204
0.0857953
0.0763051
0.0840955
0.0819906
0.0911264
0.0461412
0.0172412
0.0532894
0.0260766
0.0511821
-0.00278982
-0.0319995
0.00401491
-0.0918746
-0.0589018
-0.0645862
-0.0775306
-0.184593
-0.180725
-0.19202
-0.10428
-0.10347
-0.101513
-0.154909
-0.134941
-0.107141
-0.112794
-0.0579237
0.0268665
-0.0034028
0.0188389
0.027188
0.0799755
0.0803014
0.0673553
0.0910072
0.0745394
0.112482
0.125599
0.058703
0.0665666
0.0317979
0.062954
0.136909
0.109663
0.112611
0.138233
0.117908
0.0658586
0.033366
-0.00259304
-0.00780246
-0.0789774
-0.0492976
-0.037588
-0.0555244
-0.139947
-0.117092
-0.111541
-0.0882871
-0.0831817
-0.0842714
-0.0240512
-0.0773454
-0.094208
-0.181494
-0.191641
-0.258061
-0.11915
-0.0995194
-0.0521269
-0.0551237
-0.0143988
0.0411423
0.0737175
0.060884
0.0980776
0.134792
0.0985307
0.146266
0.156358
0.0798352
0.127589
0.0759328
0.0750135
0.0451589
0.0750655
0.0777686
0.114148
0.134863
0.0973533
0.0988954
0.112125
0.0529463
-0.00965295
0.036938
-0.0178601
-0.0314181
-0.0565381
-0.0829715
-0.0927203
-0.11547
-0.0707316
-0.00740445
0.0548197
0.0587598
0.0583879
0.0294821
-0.0146771
-0.0575184
-0.0635173
-0.0242735
0.00380632
-0.00409473
-0.0192247
-0.0450966
-0.0221491
0.00181474
0.0787763
0.10889
0.187497
0.19842
0.166129
0.125004
0.0673557
0.0501484
0.0455391
-0.0155991
-0.00460201
-0.0679725
-0.0332114
-0.113591
-0.125945
-0.128085
-0.113902
-0.144154
-0.194663
-0.147682
-0.175599
-0.178467
-0.255507
-0.207764
-0.249158
-0.270253
-0.172813
-0.130663
-0.0525231
0.0185377
-0.00685868
-0.0928318
-0.0828492
-0.0822351
-0.0497405
0.0317341
0.106522
0.107602
0.155373
0.151365
0.180404
0.220371
0.279917
0.265731
0.304689
0.280492
0.324094
0.341983
0.363265
0.288835
0.244428
0.253894
0.26226
0.300802
0.219837
0.16802
0.11565
0.0421286
-0.0409572
-0.080048
-0.147024
-0.154
-0.100633
-0.160528
-0.233988
-0.265205
-0.304071
-0.340729
-0.312024
-0.290975
-0.219669
-0.293724
-0.303272
-0.28414
-0.329842
-0.385992
-0.364682
-0.275723
-0.216401
-0.18484
-0.0980647
-0.0378818
-0.0207124
-4.66433e-05
0.061283
0.0746737
0.156991
0.119992
0.199603
0.172303
0.216539
0.201868
0.14866
0.227695
0.259898
0.284425
0.340334
0.328007
0.295294
0.318468
0.294472
0.238152
0.144565
0.135741
0.0518634
-0.0708968
-0.0743277
-0.0948673
-0.10703
-0.145738
-0.157318
-0.132128
-0.0466358
-0.12481
-0.139587
-0.142777
-0.170363
-0.219882
-0.207036
-0.18325
-0.168247
-0.147122
-0.157781
-0.145038
-0.152733
-0.236528
-0.172536
-0.0720265
-0.0517625
0.0225216
0.0442354
0.00879757
0.0356242
-0.00415573
0.00466501
0.0132104
0.0239147
0.0658898
0.145839
0.0980299
0.0769815
0.135228
0.147523
0.119776
0.0767595
0.0951828
0.0471875
-0.0134675
-0.0404083
-0.0799109
-0.0852252
-0.0940809
-0.103973
-0.101137
-0.0776734
-0.0537724
-0.0367287
-0.0219149
0.0246699
-0.0284555
0.0259147
0.00504741
-0.0307692
-0.055819
-0.0566122
0.00323582
-0.0285326
-0.0369205
0.00902019
0.0752795
0.105873
0.115715
0.170349
0.153461
0.179939
0.0388901
0.0377493
0.0320181
0.0416071
0.117603
0.157144
0.129051
0.12254
0.0739865
0.0495441
0.104471
0.095943
0.058171
0.0400319
-0.0357656
-0.0727806
-0.0496561
-0.05777
-0.130825
-0.0695925
-0.0318149
0.00242207
0.0119451
-0.0485767
-0.0393056
-0.0244956
-0.0657487
-0.0238889
0.0177703
-0.00688226
-0.0391486
0.0148846
0.0245723
-0.0144678
-0.0554494
-0.0422948
-0.0303241
0.0133512
0.018801
0.0291253
0.0434582
0.0376968
0.0158051
0.0326609
0.0263394
0.102534
0.0870813
0.0687724
0.0339612
0.0185897
0.0138289
-0.0892066
-0.109369
-0.114057
-0.0465925
-0.0230523
-0.064071
-0.0699454
-0.0405387
-0.0361691
-0.0569599
-0.0710586
-0.076131
-0.0437225
-0.0255903
-0.0425455
-0.106256
-0.0752983
-0.118091
-0.0742276
-0.0357429
0.0240609
0.00432908
0.0262336
0.0647322
0.123752
0.0970344
0.134085
0.166733
0.142364
0.150271
0.19225
0.14819
0.0857708
0.0795029
0.0603658
0.0887383
0.13236
0.0943379
0.152527
0.11213
0.058303
0.083162
0.0329238
-0.0353377
-0.051914
-0.0595011
-0.0653245
-0.0976504
-0.0929621
-0.0907898
-0.107254
-0.101307
-0.115819
-0.0890042
-0.0740628
-0.0830727
-0.108189
-0.102232
-0.176296
-0.185157
-0.149761
-0.134312
-0.122616
-0.123628
-0.0568098
0.00956367
0.0205647
-0.0168164
0.0220102
-0.000906309
0.0433128
0.0295257
0.095382
-0.0096459
-0.0017976
-0.0793836
-0.0844106
-0.0571363
-0.0457706
-0.0490727
0.0128717
-0.00879618
0.0292327
0.0166981
0.0153964
0.0199166
-0.00986278
0.0126297
-0.031279
-0.115706
-0.150705
-0.116438
-0.115343
-0.071992
-0.0310142
0.0332551
0.0532971
0.0804512
0.10294
0.0825163
0.0253985
-0.0523289
0.0116553
0.127848
0.10299
0.0716906
0.0132706
0.0373629
0.0910618
0.115702
0.222719
0.251866
0.239853
0.262986
0.234054
0.20607
0.192197
0.121661
0.108437
0.0418623
0.0258405
-0.017402
-0.00796238
-0.0385174
-0.0487377
-0.129157
-0.139251
-0.175762
-0.246045
-0.244287
-0.199073
-0.21202
-0.211802
-0.239954
-0.234715
-0.26982
-0.22036
-0.203047
-0.128587
-0.143351
-0.133612
-0.139344
-0.110763
-0.108714
-0.0673116
0.0358778
0.000904861
0.0760618
0.0694032
0.149635
0.123696
0.123507
0.184903
0.215141
0.252197
0.220784
0.25204
0.240438
0.261787
0.183325
0.255891
0.318264
0.350879
0.300695
0.308372
0.263986
0.134906
0.0734273
0.0239371
-0.0354563
-0.0622023
-0.121679
-0.114174
-0.16993
-0.22926
-0.238155
-0.290009
-0.305744
-0.259995
-0.20879
-0.175426
-0.171829
-0.165532
-0.183355
-0.186962
-0.241788
-0.204498
-0.169896
-0.135246
-0.136885
-0.0941419
0.00216745
-0.0235811
0.010222
0.0233183
0.119116
0.193351
0.159051
0.187317
0.172388
0.135689
0.0255434
0.0325323
0.113648
0.139732
0.14891
0.233418
0.1773
0.173963
0.160375
0.162573
0.137925
0.0875557
0.0465831
0.0420167
-0.0533424
-0.08066
-0.0832604
-0.138428
-0.167794
-0.154576
-0.135087
-0.0269198
-0.0218177
-0.00461239
0.00350872
-0.0298847
-0.0706159
-0.112177
-0.0650487
-0.0958953
-0.0913929
-0.0793903
-0.039299
-0.0409159
0.0370176
0.123055
0.140611
0.131858
0.118134
0.140352
0.167733
0.155849
0.118711
0.120051
0.0334045
0.0827791
0.0345514
0.0726142
0.0213069
-0.0195562
-0.0459747
-0.0628886
-0.0451941
-0.0972499
-0.103903
-0.102021
-0.133892
-0.155968
-0.206282
-0.20738
-0.181804
-0.187751
-0.208885
-0.11151
-0.0787824
-0.0571827
-0.0487638
-0.0364065
-0.0462371
0.0276719
0.0318567
-0.0117544
0.0300244
0.0517578
0.0782723
0.0973316
0.0558862
0.0757786
0.169394
0.187844
0.22921
0.280025
0.215519
0.224966
0.164552
0.196138
0.272854
0.240999
0.180807
0.249459
0.173743
0.0634482
0.012317
-0.0242826
-0.0454964
-0.0597531
-0.0848082
-0.120952
-0.218067
-0.196183
-0.231229
-0.245672
-0.257508
-0.225648
-0.263365
-0.263029
-0.238983
-0.268654
-0.292462
-0.314334
-0.295811
-0.223757
-0.236578
-0.168425
-0.12844
-0.0876501
-0.029732
-0.0344628
-0.0554733
-0.0232265
0.0589035
0.0535808
0.115712
0.123021
0.169706
0.191628
0.157273
0.17797
0.2034
0.235746
0.259347
0.282804
0.249692
0.246023
0.245682
0.183312
0.172187
0.164999
0.145715
0.155962
0.140177
0.126952
0.068216
0.108091
-0.0249639
-0.0101209
-0.0429285
0.00856775
-0.00102656
-0.0739586
-0.173224
-0.170924
-0.129305
-0.120154
-0.0711107
-0.111368
-0.103084
-0.0781482
-0.036236
-0.0726872
-0.102791
0.00038102
0.00694054
0.0484403
0.0555519
0.0631103
0.0722467
-0.00241204
-0.00109234
-0.0161806
-0.0351436
0.0191298
0.0602111
0.109762
0.133451
0.0732279
0.0151432
-0.049512
-0.0721222
-0.10419
-0.141396
-0.0888691
-0.131507
-0.196264
-0.209485
-0.209754
-0.196847
-0.125854
-0.168113
-0.0881559
-0.0438914
-0.0343705
-0.0685806
-0.0963991
-0.181229
-0.151404
-0.121297
-0.078066
-0.0824874
-0.0315099
0.00211125
-0.0120588
0.048625
0.103147
0.128348
0.123073
0.128202
0.214916
0.225949
0.16605
0.120713
0.108595
0.10708
0.165829
0.127465
0.195857
0.192182
0.155962
0.158005
0.154384
0.0767627
0.0140206
0.0432963
-0.00063142
-0.0559553
-0.110343
-0.144872
-0.211754
-0.209651
-0.195355
-0.185244
-0.119917
-0.104242
-0.089166
-0.128026
-0.119413
-0.177702
-0.134144
-0.102651
-0.13677
-0.0912393
-0.112647
-0.0244961
0.0171024
0.0248436
0.102126
0.081896
0.0617099
0.0961752
0.168072
0.12444
0.145463
0.145843
0.159562
0.17196
0.182393
0.186152
0.242998
0.207202
0.179814
0.174577
0.193457
0.176223
0.104163
0.110698
0.120006
0.0777609
-0.0199445
-0.0540679
-0.0702135
-0.0872062
-0.0757043
-0.0675893
-0.00925052
-0.0604975
-0.0363817
-0.119555
-0.117592
-0.179883
-0.126985
-0.0741365
-0.0831719
-0.0795122
-0.0877882
-0.087974
-0.129523
-0.103965
-0.0697582
-0.110841
-0.130047
-0.0340242
-0.0598971
-0.0702995
-0.0856269
-0.128499
-0.0691133
-0.0219766
-0.000714989
0.0376182
0.044764
-0.016488
-0.0514281
-0.077639
-0.0211959
-0.0308675
-0.036831
-0.0733934
0.0142341
-0.0069745
-0.0139939
-0.034534
-0.0201242
-0.0494922
-0.0216001
0.0263119
0.085813
0.108454
0.0925605
0.0963821
0.140339
0.0202638
0.0238512
0.0200968
0.0433997
0.121293
0.144261
0.216884
0.154974
0.166817
0.251551
0.337919
0.332118
0.303765
0.275641
0.212256
0.141222
0.02932
0.0109457
-0.0149612
-0.0113146
0.0284047
0.0453903
0.00620907
-0.0591782
-0.0122533
0.0119505
-0.00843027
-0.0487361
-0.0734019
-0.0909883
-0.199766
-0.289155
-0.28404
-0.290545
-0.309285
-0.273053
-0.265967
-0.196797
-0.280279
-0.254328
-0.225915
-0.182115
-0.205254
-0.141205
-0.163085
-0.123814
-0.0771304
-0.0613533
-0.0467978
-0.0172703
0.0207253
0.0613602
0.0675003
0.0889776
0.157995
0.141447
0.136744
0.102964
0.0772241
0.0678624
0.0807064
0.132803
0.161588
0.239904
0.210443
0.0677197
0.0555295
0.079254
0.0809642
0.0609501
0.065287
0.106776
0.0614098
0.0354542
-0.00597711
-0.0535989
-0.103327
-0.142498
-0.184154
-0.128957
-0.157277
-0.123373
-0.13544
-0.109476
-0.123916
-0.124336
-0.0948577
-0.0568846
-0.0316883
0.00588144
0.00130555
0.00721745
0.0400433
0.0645102
0.116644
0.0960769
0.127246
0.126685
0.0889627
0.090608
0.0390927
0.111955
0.12493
0.150308
0.13472
0.134678
0.0747308
0.0117564
-0.00160844
0.0142632
0.0593645
0.00456338
0.00881029
-0.0203911
-0.0528478
-0.0197879
-0.0379569
-0.000681526
-0.0609181
-0.0619803
-0.110276
-0.0490128
-0.0271601
-0.0463931
-0.119761
-0.0957451
-0.131137
-0.115805
-0.0671887
-0.0502217
-0.0209795
0.0218325
0.0507366
0.0692465
0.0380624
0.0573813
0.148265
0.137162
0.148186
0.113419
0.0492756
0.0614763
0.0243784
0.0230298
0.0342956
0.0444114
0.0549225
0.0607169
0.0292988
-0.0258882
-0.014788
-0.0885581
-0.0981445
-0.167493
-0.136969
-0.123808
-0.193423
-0.258318
-0.244512
-0.229994
-0.246419
-0.155213
-0.155517
-0.0353957
-0.0683414
-0.0762636
-0.122904
-0.113375
-0.110296
-0.0844146
-0.0773526
-0.0592077
-0.0342974
-0.0127006
0.00570293
0.131402
0.0838418
0.153628
0.155494
0.169193
0.202682
0.196881
0.214486
0.167914
0.0777135
0.0606414
0.0872878
0.115237
0.155994
0.221915
0.173689
0.155754
0.165767
0.167268
0.0996922
-0.00652352
0.00936645
-0.00883246
-0.043626
-0.129052
-0.0726893
-0.115244
-0.126478
-0.0941065
-0.0468375
0.0280251
0.0320113
-0.0412339
-0.144485
-0.160989
-0.186943
-0.171247
-0.110678
-0.048983
-0.0627994
0.00624986
0.032887
0.0306063
0.0197457
0.105452
0.156231
0.148858
0.122559
0.170041
0.144502
0.173647
0.145345
0.167201
0.105008
0.136839
0.124777
0.130907
0.14655
0.147449
0.190471
0.13366
0.0758108
0.0403335
0.0245747
0.00328585
-0.0472229
-0.128015
-0.135323
-0.148003
-0.184607
-0.18787
-0.146312
-0.0838606
-0.0506126
-0.0750285
-0.104399
-0.105475
-0.189396
-0.139776
-0.0514912
0.00727312
-0.0591504
-0.112236
-0.0888489
-0.083413
-0.0793022
-0.0233993
-0.0262861
-0.0201647
-0.0133215
0.05576
0.0499924
0.0585179
0.0582739
0.00797739
-0.0233173
-0.0175128
-0.0081084
0.0357947
0.0188601
0.00328638
-0.0257192
0.00626182
-0.0509336
-0.0785481
-0.0394388
0.0152844
0.0111663
-0.0220845
-0.0808406
-0.144638
-0.13361
-0.130811
-0.0823481
-0.0288186
-0.0766134
-0.0664399
-0.0941705
-0.0693888
-0.0248093
-0.0430928
-0.0136831
0.00281375
0.064608
0.0897703
0.115387
0.149703
0.1139
0.171794
0.184019
0.174696
0.150759
0.154148
0.104094
0.181625
0.0996114
0.0883389
0.110143
0.106434
0.0985966
0.0888087
0.115906
0.0606725
0.0574703
0.0376694
0.00619764
-0.0306292
-0.0278091
-0.0389094
-0.105443
-0.155082
-0.198028
-0.190731
-0.190888
-0.183296
-0.134065
-0.0719097
-0.0371842
-0.0847871
-0.0910725
-0.0635312
-0.156717
-0.098626
-0.059249
-0.0196031
-0.0206426
0.0159963
0.0524814
0.0771421
0.102868
0.161334
0.216152
0.196482
0.178122
0.181268
0.144172
0.139449
0.0319108
0.0227852
0.00766676
0.07329
0.139171
0.119551
0.0758363
0.082774
0.0880303
0.0625446
0.0555232
0.0169066
-0.0417753
-0.0744038
-0.155466
-0.21262
-0.223729
-0.272247
-0.321737
-0.315649
-0.27916
-0.226767
-0.219282
-0.279728
-0.220936
-0.180967
-0.26799
-0.22579
-0.184375
-0.135024
-0.0845923
-0.0283319
-0.0267246
-0.0132252
-0.0117026
0.0197299
0.0191275
0.128133
0.182768
0.228243
0.250124
0.268421
0.190382
0.191526
0.156489
0.196821
0.203155
0.238152
0.17963
0.126007
0.108727
0.100369
0.148986
0.133576
0.142571
0.105424
0.0951881
0.034972
0.0981417
0.0148862
-0.0485127
-0.0589307
-0.102161
-0.103416
-0.186383
-0.184782
-0.209194
-0.180833
-0.170373
-0.136672
-0.132231
-0.104935
-0.0889428
-0.0624593
-0.015968
-0.0596436
-0.11871
-0.0682057
0.000902601
0.0256831
0.111683
0.0917253
0.0658132
0.0792096
0.0217712
0.0517873
0.103299
0.164509
0.157715
0.231932
0.184966
0.182582
0.129671
0.134984
0.119411
0.0890599
0.0515038
0.033808
0.0240153
0.0864059
0.0799366
0.0876624
0.0602299
0.0931945
0.142605
0.112438
0.0577015
0.0696703
0.0444489
-0.0601403
-0.0956885
-0.116188
-0.0987221
-0.100606
-0.0816617
-0.0226315
0.00883328
-0.00587368
-0.0361765
-0.0459086
-0.0151562
-0.0069352
-0.013193
0.0199823
-0.017214
-0.025001
-0.0842439
-0.145848
-0.136304
-0.0789772
-0.0539027
0.018715
-0.0342482
-0.0383163
-0.0774365
-0.0873364
-0.107889
-0.145413
-0.131075
-0.181878
-0.228674
-0.208403
-0.153196
-0.136795
-0.134494
-0.0966128
-0.105178
-0.0817203
-0.0717441
-0.0818128
-0.0861912
-0.0747979
-0.0935139
-0.052834
-0.0231311
-0.0746325
-0.0724989
-0.0208798
0.00989832
0.0732216
0.0433335
0.119335
0.196373
0.232062
0.193261
0.250844
0.171816
0.0668848
-0.00763123
-7.21449e-06
0.0271945
0.034888
0.101088
0.116182
0.0768777
0.0555613
0.0422546
0.0461544
0.0115718
-0.0111944
0.0664727
0.0580998
-0.0407249
-0.102259
-0.0725981
-0.0819085
-0.0778808
-0.0414125
-0.0726664
-0.0143965
0.0105137
0.0304842
-0.000220793
-0.0680338
-0.0802541
-0.0036293
0.0909866
0.0991062
0.0878191
0.0603533
0.0975607
0.112402
0.0844363
0.15269
0.164171
0.145592
0.143435
0.166456
0.11663
0.142392
0.0687278
0.0665991
0.0291573
0.0248771
-0.0567447
0.0112793
0.0105108
-0.0211097
0.00456544
-0.0105766
-0.0546243
-0.107706
-0.102692
-0.0449676
-0.0820716
-0.147147
-0.154075
-0.201874
-0.275175
-0.218785
-0.0941929
-0.0689279
-0.0720327
-0.0673937
-0.0943494
-0.111431
-0.127703
-0.0618474
0.000499425
0.0288948
0.0271722
0.00722152
0.102276
0.0570082
0.0858393
0.14823
0.165942
0.231226
0.21448
0.26805
0.216043
0.237501
0.163275
0.127007
0.123425
0.0824889
0.0605494
0.102923
0.0270371
-0.0176111
-0.0436794
-0.0770391
-0.109554
-0.136362
-0.163493
-0.173784
-0.217172
-0.267059
-0.306828
-0.298291
-0.254628
-0.18304
-0.204505
-0.144445
-0.0938356
-0.0935572
-0.129793
-0.116054
-0.113923
-0.115706
-0.017381
-0.00626399
-0.00422489
0.0198323
0.0700985
0.0471626
0.0853355
0.127662
0.197752
0.177234
0.114338
0.179667
0.172154
0.151721
0.0681119
0.0790638
0.0965273
0.138744
0.130104
0.137518
0.128809
0.1315
0.0306767
0.0184743
-0.033692
-0.108431
-0.169155
-0.108357
-0.165673
-0.146175
-0.23597
-0.289602
-0.233131
-0.209098
-0.163302
-0.106724
-0.0901333
-0.0928106
-0.0623968
-0.111551
-0.145644
-0.101533
-0.0341322
-0.014022
0.0108747
0.0305317
0.0978934
0.106639
0.187694
0.259071
0.362192
0.36574
0.355321
0.371965
0.387034
0.383191
0.288011
0.276097
0.258789
0.271139
0.185892
0.216212
0.189694
0.145367
0.110542
0.0659696
0.0236915
-0.0282549
-0.0446627
-0.0385763
-0.122549
-0.119701
-0.194539
-0.185032
-0.258422
-0.302238
-0.303554
-0.280806
-0.270986
-0.308202
-0.342747
-0.3324
-0.352158
-0.258285
-0.225477
-0.23043
-0.252294
-0.260886
-0.225069
-0.215168
-0.219596
-0.157345
-0.0959636
-0.0575062
0.0832092
0.131024
0.144548
0.128484
0.128628
0.17651
0.266418
0.302752
0.302206
0.320077
0.204568
0.147278
0.0984312
0.109967
0.0940073
0.157983
0.0929885
0.084904
0.0736778
0.0189216
0.0350793
0.0127326
-0.0438865
-0.0351952
-0.0825994
-0.0256029
0.00587687
-0.0353532
-0.0186778
-0.0347549
-0.0751497
-0.077202
-0.0783595
-0.0814637
-0.0304291
-0.00678298
0.0469576
-0.00302251
-0.0619406
0.0101228
0.0168508
0.0592764
0.0820007
0.125875
0.103478
0.0420819
0.0313138
0.0709738
0.0789629
0.106422
0.0969073
0.169309
0.163043
0.121944
0.0703445
0.0206915
0.0305369
0.00363553
-0.0593512
-0.100052
-0.162991
-0.164021
-0.131364
-0.128547
-0.138961
-0.0524941
-0.08847
-0.0329992
-0.0440256
-0.0629774
-0.0858844
-0.126082
-0.188843
-0.160411
-0.128332
-0.124987
-0.0545868
0.033198
0.0853366
0.0936027
0.109626
0.103192
0.156701
0.161869
0.148561
0.126687
0.115191
0.0628415
0.0475537
0.0337536
0.067552
0.130173
0.102692
0.176105
0.142279
0.116267
0.112816
0.0664297
0.0756748
0.00193638
-0.00517577
-0.0014905
-0.152036
-0.167678
-0.198185
-0.181473
-0.205591
-0.203188
-0.195634
-0.117564
-0.147074
-0.0992928
-0.152852
-0.130698
-0.112551
-0.113496
-0.0918738
-0.0884491
-0.0667523
-0.0689727
-0.0389242
-0.0458715
-0.0481764
0.060865
0.0752083
0.0964119
0.151934
0.217151
0.175715
0.120919
0.0752192
0.0608254
0.130063
0.155368
0.16177
0.176314
0.163265
0.134547
0.135429
0.14355
0.0989008
0.0389347
-0.00358758
-0.0417545
-0.0571965
-0.134827
-0.115003
-0.119953
-0.149014
-0.149081
-0.191109
-0.138146
-0.137089
-0.105786
-0.198006
-0.175633
-0.204929
-0.143629
-0.124711
-0.127665
-0.164024
-0.161295
-0.074403
-0.072943
-0.0597939
-0.00952079
0.0257055
0.0149035
0.0572609
0.0623999
0.05421
0.0519179
0.00845905
0.0512675
0.0547542
0.0690392
0.0789118
0.175236
0.165607
0.140185
0.162495
0.133045
0.143497
0.142729
0.183643
0.180187
0.0729736
0.0308435
-0.0117235
0.00165488
-0.0103581
0.0352396
0.0390831
0.0639
0.0834371
0.0589767
0.0189158
0.00682451
-0.0535898
0.0146961
0.0402695
-0.00596678
0.00287538
-0.0454955
-0.0248755
-0.0316763
0.0116839
0.0472267
0.0495958
0.0424124
0.0688463
0.0956803
0.0568404
-0.00417539
-0.0417087
-0.0237421
-0.0632446
0.0248067
-0.0137414
0.00920182
0.0116444
-0.0272898
-0.0715993
-0.07466
-0.117906
-0.152407
-0.137004
-0.0551977
-0.0677828
-0.108615
-0.135202
-0.148613
-0.115178
-0.108485
-0.0878328
-0.0251612
-0.00738743
-0.00496386
-0.0480555
-0.0373598
-0.0949489
-0.0517132
-0.044962
-0.0198251
0.0207092
0.0653168
0.0828419
0.0720663
0.0881809
0.137154
0.159585
0.150954
0.161613
0.167007
0.152753
0.181192
0.170014
0.159898
0.137667
0.125872
0.115285
0.115228
0.118817
0.0223473
-0.0155645
-0.069371
-0.0706089
-0.146394
-0.154751
-0.0588155
-0.0893287
-0.120756
-0.153729
-0.177694
-0.207142
-0.160414
-0.172726
-0.0733694
-0.091069
-0.0903372
-0.12241
-0.159374
-0.187312
-0.158533
-0.106659
-0.0628718
-0.12892
-0.078345
-0.0323465
0.024
0.0539314
0.122974
0.144728
0.127125
0.142043
0.1742
0.220158
0.214824
0.127928
0.0855876
0.0958371
0.0911332
0.16323
0.171602
0.104791
0.0837413
0.161017
0.124696
0.0883739
0.015307
0.0546513
0.0727602
-0.0441826
-0.021246
-0.0794556
-0.0918239
-0.127126
-0.132237
-0.11476
-0.0422936
-0.0334536
-0.0528246
-0.0877575
-0.0586636
-0.0779577
-0.0786893
-0.0430713
-0.0486803
-0.0220145
0.000794863
-0.0370662
-0.0747368
-0.113246
-0.0438819
-0.0410122
-0.0038726
0.0556328
0.0298193
-0.00309549
0.0378533
0.0164624
0.0663215
0.0267321
0.0693538
0.0740809
0.0936486
0.0600763
-0.0131825
0.00416431
-0.00408702
-0.0367873
-0.0989586
-0.0968665
-0.104183
-0.083007
-0.0998397
-0.0670802
-0.0474314
-0.0687508
-0.0949216
-0.0661823
-0.00915081
-0.0653041
-0.0126495
-0.0709203
-0.0827783
-0.137851
-0.0601785
-0.0351062
-0.0342567
0.0717693
0.0658835
0.114721
0.109327
0.101806
0.151972
0.146731
0.128911
0.1682
0.130302
0.0448052
0.0119107
-0.0277388
0.0188156
0.0757449
0.087696
0.0981474
0.138343
0.0930148
0.0146927
-0.0477971
-0.0736724
-0.148318
-0.148737
-0.160793
-0.187706
-0.232886
-0.277496
-0.245077
-0.233816
-0.272651
-0.133338
-0.103794
0.00118017
0.00880535
-0.0259595
-0.0558385
-0.0813003
-0.116571
-0.101974
-0.0826038
-0.0456565
-0.020341
0.0311057
0.105669
0.155066
0.111395
0.153134
0.183912
0.175046
0.183664
0.233945
0.223229
0.187147
0.136483
0.124862
0.118905
0.145232
0.207439
0.23101
0.188217
0.104523
0.108521
0.0271862
-0.00694044
-0.0349031
-0.0135734
-0.0295443
-0.16028
-0.232729
-0.178336
-0.251394
-0.302079
-0.292603
-0.282898
-0.156987
-0.130899
-0.0878365
-0.13047
-0.0682074
-0.146827
-0.13334
-0.10966
-0.107823
-0.116627
-0.0956136
-0.0652805
0.0180838
0.0566865
0.0945136
0.147749
0.246538
0.239548
0.283412
0.241528
0.17819
0.192019
0.1888
0.211288
0.200914
0.157656
0.169093
0.157684
0.119114
0.128885
0.157846
0.156437
0.126209
0.106741
0.14357
0.0760907
-0.0636976
-0.052133
-0.119626
-0.121531
-0.137325
-0.125532
-0.0721436
-0.076286
-0.0680295
-0.0926808
-0.1048
-0.167856
-0.163358
-0.109153
-0.0581946
-0.0618951
-0.0434423
-0.0266593
-0.0151637
-0.0670478
-0.0166706
-0.00882867
-0.0158968
-0.00731023
0.0507088
0.0369734
0.0893415
-0.0156315
-0.00424806
0.0298492
0.0473102
0.0496841
0.0509006
0.0215301
0.000139476
0.0144813
0.0217276
0.00629226
-0.0140769
0.0518387
0.00116485
-0.0560313
-0.0935301
-0.128471
-0.0953187
-0.0713773
-0.0590286
0.00119077
0.00897776
0.0181039
-0.0306708
-0.0297156
-0.00839413
-0.034723
-0.00283651
0.00187258
0.0955928
0.0221305
0.0279867
0.0841734
0.106598
0.0918277
0.165546
0.178914
0.156839
0.207508
0.185819
0.148777
0.166063
0.0627367
0.0790806
0.0221188
0.0762796
0.0527945
0.07026
0.0399503
-0.0394922
-0.0530188
-0.0653127
-0.0730897
-0.0923339
-0.0749685
-0.0866667
-0.114782
-0.16406
-0.188147
-0.200561
-0.220208
-0.179167
-0.186577
-0.164635
-0.153334
-0.184512
-0.2051
-0.230217
-0.252049
-0.220897
-0.11184
-0.0782534
-0.0350954
-0.0812873
-0.032042
0.0103598
0.0492642
0.0691157
0.0854251
0.145004
0.121351
0.173332
0.14955
0.170575
0.0725512
0.110813
0.10559
0.159824
0.160038
0.181809
0.186302
0.163797
0.150872
0.115997
0.0967111
0.0473117
0.0391973
0.037317
0.00695
-0.0307269
-0.0996943
-0.150417
-0.192913
-0.157513
-0.126279
-0.0456667
-0.0414493
-0.0687082
-0.0180972
0.00730534
-0.0579664
-0.0486124
-0.00331373
-0.0366941
-0.0450413
0.0565269
0.071263
0.0289684
-0.007511
0.000428972
0.0812454
0.0996518
0.101009
0.114394
0.0844704
0.0964704
0.0477856
-0.00173289
-0.0218272
0.0722259
0.0758286
0.0990736
0.0080093
0.0257606
0.050189
0.0301285
0.0566089
-0.00226602
-0.0150078
-0.0492089
-0.103936
-0.14524
-0.143287
-0.135773
-0.17865
-0.161452
-0.171444
-0.122762
-0.171587
-0.194825
-0.166177
-0.157627
-0.166635
-0.129416
-0.0723148
-0.0461843
-0.0257002
0.0201802
0.0545005
0.0610043
0.0491276
0.0701688
0.0724936
0.0647981
0.121717
0.0978574
0.0706872
0.116039
0.0702684
0.111738
0.0851382
0.119798
0.123382
0.174509
0.0761526
0.0447158
0.0536544
0.0759492
0.0361319
-0.0443555
-0.0232799
-0.022861
-0.0430613
-0.0322521
-0.0272982
-0.0807218
-0.0866951
-0.0893594
-0.0596764
-0.0393503
-0.0661372
-0.0592414
-0.117196
-0.145307
-0.160371
-0.167094
-0.0921635
-0.0606375
0.0663779
0.0926889
0.0906343
0.0829308
0.0569121
0.141027
0.181663
0.164652
0.0959041
0.12712
0.0806049
0.131376
0.071157
0.0331756
0.0775849
0.0845264
0.130138
0.185129
0.151049
0.147657
0.0756313
0.0902063
0.0688468
0.0358836
0.0142348
-0.0820457
-0.158391
-0.188441
-0.175998
-0.154448
-0.17681
-0.141704
-0.113275
-0.0494249
-0.0740856
-0.0802831
-0.119721
-0.149398
-0.242501
-0.183587
-0.146282
-0.156035
-0.128493
-0.0846443
-0.00674139
0.00830851
-0.0229137
0.0375474
0.102426
0.142671
0.219081
0.210063
0.171079
0.146034
0.0575215
0.016481
0.0494599
0.0554233
0.0581129
0.0653881
0.0495394
0.0646109
0.0651879
0.096184
0.100624
0.119206
0.060033
0.0593037
-0.00241966
-0.0447883
-0.0412688
-0.111467
-0.201106
-0.188187
-0.123993
-0.0791952
-0.0788938
-0.0547998
-0.0692614
-0.0698403
-0.0783646
-0.0964214
-0.0484766
-0.0787425
-0.0584053
-0.0677033
-0.0229229
-0.0257168
-0.0241997
0.0201583
0.0634952
0.160234
0.0812602
0.141727
0.112524
0.0504212
-0.0539842
-0.0670627
-0.0597623
-0.0822716
-0.0579372
0.0205915
0.0514009
0.0209712
0.0348062
0.0221192
-0.0259521
-0.0266396
-0.0464976
0.0548965
0.0132833
0.022429
0.0497088
-0.0158874
-0.0406083
-0.0481413
-0.0433689
0.0113739
0.0198987
0.0132176
-0.0582329
-0.061057
-0.03646
0.0148335
0.0618258
0.0502125
0.0389968
0.115182
0.176572
0.167742
0.166702
0.170089
0.238241
0.164595
0.096402
0.143054
0.11979
0.126952
0.105358
0.0897
0.0874812
0.115739
0.0491645
0.0780989
0.0301115
-0.0293598
-0.103985
-0.127767
-0.159136
-0.194319
-0.140457
-0.161532
-0.229981
-0.255473
-0.249309
-0.248477
-0.225045
-0.162433
-0.148691
-0.14125
-0.143733
-0.144136
-0.107517
-0.0700127
-0.123842
-0.0694741
-0.0240831
0.00269628
0.0208295
0.0275513
0.0539214
0.0708144
0.106973
0.18157
0.216685
0.176157
0.227944
0.27399
0.238828
0.260107
0.184441
0.184548
0.167132
0.205494
0.165464
0.208423
0.154411
0.14323
0.115767
0.0502915
-0.00053758
-0.0803492
-0.0804675
-0.104085
-0.139508
-0.156904
-0.249092
-0.292252
-0.295191
-0.274014
-0.231072
-0.142622
-0.147072
-0.134551
-0.163476
-0.143187
-0.103566
-0.0942519
-0.0615678
-0.0245205
-0.0274324
-0.0164643
0.0378382
0.0113066
0.0513226
0.137366
0.166419
0.122709
0.148083
0.124463
0.189083
0.187539
0.102363
0.136494
0.143052
0.128177
0.14264
0.191482
0.128682
0.125118
0.0876773
0.0861695
0.0154132
0.013215
-0.0471627
-0.0379754
-0.0678363
-0.0769309
-0.125931
-0.161235
-0.177162
-0.105058
-0.10868
-0.0895347
-0.0814698
-0.12264
-0.161804
-0.168691
-0.185196
-0.116966
-0.0248144
0.0127716
-0.00793381
0.021211
0.0980556
0.0826485
0.118154
0.178981
0.246338
0.249928
0.271627
0.27235
0.2816
0.205077
0.11926
0.0746226
0.0608333
0.114302
0.0920581
0.126741
0.0463182
-0.00709218
-0.0507188
-0.0655801
-0.0741162
-0.176218
-0.209253
-0.22736
-0.296121
-0.317118
-0.337412
-0.359037
-0.393748
-0.344551
-0.428637
-0.36134
-0.375693
-0.396185
-0.296473
-0.279866
-0.297715
-0.216912
-0.153679
-0.112295
-0.0214322
0.0849102
0.0937889
0.0761226
0.0486766
0.0999387
0.194161
0.212624
0.264854
0.322177
0.320375
0.308959
0.34152
0.339483
0.320601
0.396492
0.414474
0.513002
0.468676
0.388634
0.335027
0.312814
0.271092
0.211178
0.144798
0.114463
0.0677359
0.0260806
-0.0413519
-0.0686269
-0.0887354
-0.14892
-0.219335
-0.182881
-0.212695
-0.255447
-0.325615
-0.338775
-0.382648
-0.335849
-0.30355
-0.323422
-0.284695
-0.259627
-0.155217
-0.17543
-0.15453
-0.0732016
-0.0140853
-0.0387048
-0.00474114
0.0301953
-0.0348016
-0.0594443
-0.10998
-0.0517959
0.0514275
0.0506042
0.0865825
0.172634
0.181446
0.194859
0.182455
0.257205
0.294895
0.272939
0.201233
0.199213
0.152615
0.109442
0.0788274
0.110109
0.0478826
0.0764222
0.0930241
0.132028
0.111425
0.130135
0.036936
-0.0167015
-0.126144
-0.151012
-0.157557
-0.136942
-0.101361
-0.0961158
-0.0450608
-0.106928
-0.123429
-0.0939435
-0.0464333
0.0160355
0.0458804
0.00567036
-0.0270786
-0.0661874
-0.159308
-0.164357
-0.106334
-0.111918
-0.0846784
-0.0366567
-0.0246575
-0.0823727
-0.0308267
-0.0197205
0.051562
-0.0218018
-0.0206244
-0.00628713
-0.0785209
-0.0986683
-0.1112
-0.0716484
-0.165508
-0.138754
-0.148953
-0.0456859
-0.0154474
0.0112771
-0.0162962
0.0384927
-0.0221081
0.0496551
0.0350019
0.0460458
0.0617144
0.0437844
0.077313
0.105503
0.091501
0.113132
0.165411
0.191025
0.248974
0.294759
0.245816
0.211229
0.187322
0.165838
0.189002
0.176136
0.175895
0.165283
0.148446
0.0901568
0.0241449
0.0196631
-0.0316907
-0.0490864
-0.0364375
0.0205942
-0.0320713
-0.130662
-0.16014
-0.177489
-0.111451
-0.136465
-0.15299
-0.128855
-0.151094
-0.206273
-0.23908
-0.240616
-0.28116
-0.156554
-0.134793
-0.0888853
-0.0916215
-0.0451764
-0.0102178
-0.0722453
-0.0573804
-0.0132253
-0.0267988
0.0237181
0.000346245
0.0799294
0.0742037
0.0738496
0.0519283
0.0439706
0.0267085
0.0960576
0.0885631
0.124539
0.127479
0.0520109
0.0678308
0.0356288
0.0198732
-0.0202217
0.0143517
0.0373631
0.00457595
-0.0229227
0.0155157
0.013518
-0.0926003
-0.0672232
-0.0347718
-0.0171923
0.0428795
0.0783554
-0.022316
-0.0319675
-0.0364066
-0.0135934
0.00469838
-0.00266429
-0.0156735
-0.0137675
-0.04063
-0.0010972
0.0703555
0.118473
0.127144
0.150542
0.16168
0.159194
0.153156
0.103549
0.0659111
0.0478987
0.0617259
0.0308029
0.00641204
0.0951031
0.0493365
0.0477492
0.0210092
-0.0360629
-0.0830436
-0.140735
-0.120058
-0.0890182
-0.150749
-0.143014
-0.168948
-0.144857
-0.136499
-0.0981395
-0.0832781
-0.0343336
-0.0125529
-0.078514
-0.119368
-0.0865646
-0.0589956
-0.0565996
-0.0395676
-0.0661964
-0.0594553
-0.0554898
-0.0508301
-0.00386816
0.0598887
0.177884
0.171359
0.122221
0.149164
0.163513
0.124273
0.141319
0.0690122
0.0533938
0.0430041
0.0902113
0.118013
0.105972
0.109535
0.0291588
-0.0150079
-0.0537797
-0.0989687
-0.117502
-0.0733006
-0.0460053
-0.0637815
-0.0765501
-0.17507
-0.197795
-0.174339
-0.125697
-0.116868
-0.0407566
-0.0922784
-0.128336
-0.109006
-0.0871778
-0.105423
-0.0631018
-0.0740636
-0.0347614
-0.00787839
-0.0279354
0.0395053
0.095028
0.0514738
0.155273
0.152323
0.174326
0.151604
0.145038
0.154118
0.102182
0.0881365
0.0829601
0.107574
0.1415
0.14268
0.190564
0.0994936
0.0382187
0.0849659
0.0587255
-0.00591751
-0.0731
-0.0495184
-0.0707705
-0.12478
-0.162658
-0.139678
-0.166596
-0.195869
-0.187469
-0.182238
-0.119794
-0.132215
-0.154419
-0.183715
-0.179821
-0.192549
-0.131515
-0.0844756
-0.0419757
-0.0455181
-0.0229247
-0.0243506
0.000416821
-0.00244999
0.0727457
0.0538905
0.103903
0.123555
0.135783
0.153841
0.112802
0.0843974
0.10832
0.0886516
0.116733
0.163135
0.209128
0.146511
0.0720874
0.115955
0.0671661
0.0303833
-0.0335265
-0.0319662
-0.0109415
-0.0480268
-0.131556
-0.0847391
-0.100026
-0.0976436
-0.0706347
-0.0848754
0.00215107
-0.00635928
0.00780344
-0.0545106
-0.0385086
-0.13707
-0.100847
-0.0772976
-0.0797962
-0.0627762
-0.0212322
0.0381266
0.0193155
0.024098
0.0775754
0.134741
0.145097
0.158508
0.16657
0.107747
0.0806596
0.0343699
0.0621388
0.0227475
0.0184272
0.0684063
0.107415
0.113771
0.0581655
0.0238629
0.0178885
0.0106205
-0.0582263
-0.141584
-0.179977
-0.280882
-0.300134
-0.23389
-0.229829
-0.241933
-0.205401
-0.154317
-0.0648073
-0.0458602
-0.0107188
-0.0380896
-0.00175959
-0.0837673
-0.115215
-0.11657
-0.123423
-0.114579
-0.0800583
-0.0257852
0.00406583
-0.0370607
0.0232133
0.108578
0.145602
0.203647
0.239344
0.181178
0.158986
0.148004
0.164412
0.169641
0.184646
0.107507
0.0920346
0.0398515
-0.00198562
0.0378172
0.0342209
0.0248
-0.015595
-0.017572
-0.0175955
-0.0693534
-0.0964119
-0.109333
-0.105085
-0.153737
-0.193922
-0.1608
-0.124256
-0.100099
-0.0957038
-0.061156
-0.044772
-0.0907468
-0.0636537
-0.0331106
0.017585
0.0289639
-0.0111036
-0.0202696
0.0365245
-0.00691877
0.0656505
0.0867696
0.14893
0.208019
0.215268
0.172699
0.199104
0.125574
0.155945
0.178137
0.212205
0.232922
0.188778
0.142836
-0.0113071
-0.0376271
-0.021537
-0.00720016
-0.0159051
-0.0232742
0.00492582
-0.0619491
-0.182097
-0.173054
-0.168053
-0.197812
-0.208987
-0.234175
-0.192264
-0.174732
-0.141799
-0.144042
-0.182939
-0.238657
-0.169601
-0.105443
-0.05786
-0.0410269
-0.0136346
0.0531775
0.0888074
0.0827069
0.08433
0.0555087
0.0844524
0.10191
0.150346
0.136462
0.170071
0.114717
0.191886
0.200883
0.266427
0.26065
0.24116
0.23503
0.244017
0.25655
0.153838
0.108378
0.0944151
0.104716
0.103836
0.00674372
-0.0749237
-0.077658
-0.115617
-0.110165
-0.0787956
-0.041983
0.0305076
0.0510659
-0.00192826
-0.0335557
-0.117423
-0.195348
-0.201698
-0.133891
-0.107785
-0.122146
-0.12827
-0.0952859
-0.0509566
-0.0602356
0.0373988
0.0382083
0.0752443
0.0948463
0.120551
0.0729331
0.0419937
-0.0270161
-0.0262834
-0.0480708
0.0263767
0.00958453
0.0633817
0.042802
0.0551847
0.0656387
0.023299
0.00846655
-0.0522363
0.0160447
-0.020356
-0.0138496
-0.0384543
-0.0773807
-0.0803572
-0.145399
-0.0645965
-0.0260295
0.0385456
0.0210226
0.00512402
-0.0435304
-0.03986
-0.00895617
-0.0400855
0.0318336
-0.0022764
0.0189624
0.0938787
0.10228
0.0992596
0.0770229
0.0439851
0.0573538
0.0400898
0.0502552
0.0831465
0.0796367
0.148056
0.0675864
0.0529207
0.101323
0.116912
0.0802041
0.105395
0.0740024
0.0353529
-0.057289
-0.0711598
-0.129171
-0.151306
-0.168654
-0.137562
-0.195267
-0.235083
-0.247088
-0.270663
-0.275005
-0.270948
-0.213837
-0.196389
-0.236071
-0.23322
-0.204057
-0.184776
-0.191468
-0.160888
-0.0614776
-0.0520796
-0.0386405
-0.05645
-0.0244754
0.0327904
0.0106627
0.109968
0.171227
0.174566
0.122814
0.17886
0.208972
0.232759
0.132693
0.140718
0.13817
0.14578
0.184457
0.208516
0.165908
0.177968
0.135041
0.118472
0.026943
-0.0195795
0.0653891
0.0302256
0.0136759
-0.00262017
-0.041341
-0.0858969
-0.0750872
-0.0594354
-0.0296477
0.067368
0.0323182
-0.0309615
-0.0791855
-0.115373
-0.203814
-0.155659
-0.0633604
-0.0630467
-0.0405013
-0.0637653
-0.00829025
0.0131679
-0.000565239
0.116092
0.173917
0.170184
0.199246
0.170058
0.164352
0.167067
0.123481
0.0943803
0.0591128
0.116449
0.130362
0.189799
0.12574
0.111311
0.0948545
0.101537
0.0320366
0.0268215
-0.0231058
-0.0276347
-0.0720232
-0.118182
-0.0828392
-0.111381
-0.0993524
-0.0567835
-0.0691399
-0.01739
0.0174038
-0.008423
-0.0241831
-0.0836862
-0.132555
-0.100563
-0.11647
-0.148308
-0.148083
-0.1251
-0.0594951
-0.0660638
-0.0479227
-0.0518676
-0.00907546
0.0337794
0.0648261
0.098272
0.0665947
0.0583567
-0.0607942
-0.0352466
0.0266783
0.010342
-0.0087046
0.010673
-0.0128741
-0.0122255
-0.0512033
-0.0671621
-0.0441593
-0.0317429
-0.121852
-0.117722
-0.216782
-0.19527
-0.171392
-0.17427
-0.209529
-0.166433
-0.0798698
-0.0312649
-0.00886219
0.0286905
0.00111564
-0.0185253
-0.0421865
-0.0546569
-0.0173717
0.0108234
0.0404672
0.0789428
0.0936048
0.0475656
0.0353223
0.0596019
0.134473
0.16926
0.179373
0.230392
0.208975
0.243454
0.210179
0.189795
0.128245
0.128914
0.0883901
0.0652466
0.0302779
0.0196389
0.0230703
-0.0241231
0.0135249
-0.01847
-0.0354412
-0.0597819
-0.112366
-0.107899
-0.167667
-0.183474
-0.210155
-0.210727
-0.210283
-0.177632
-0.184311
-0.177165
-0.197283
-0.165151
-0.144034
-0.0749232
0.0132334
0.0260346
0.0300742
0.0198428
0.0697201
0.0851743
0.0612233
0.0823721
0.160041
0.167689
0.189111
0.241071
0.169674
0.16917
0.162838
0.2104
0.218049
0.238497
0.207573
0.223978
0.21698
0.152768
0.121929
0.0966166
0.0686539
0.0342135
0.0154779
-0.0312766
-0.0951822
-0.118104
-0.111485
-0.0989358
-0.0937586
-0.0588468
-0.0923041
-0.108409
-0.138075
-0.128045
-0.169255
-0.193068
-0.248178
-0.186242
-0.183132
-0.128903
-0.119098
-0.0215942
0.0164049
-0.00712132
0.00816243
0.0155663
0.0929691
0.0556214
0.0722198
0.103099
0.077065
0.087463
-0.0234143
0.00783448
0.0524497
0.152113
0.16473
0.188896
0.133548
0.0817596
0.0617825
0.046697
0.053055
0.00972776
-0.00581412
-0.0539889
-0.101915
-0.158622
-0.142445
-0.151808
-0.19306
-0.121557
-0.094358
-0.0394972
0.00736684
0.00780783
0.00822913
-0.0226121
-0.0913821
-0.0266574
0.0418786
-0.0106427
-0.0173597
-0.00902083
0.082126
0.0458045
0.045631
0.0832552
0.0517623
0.0710374
0.114221
0.0865955
0.0662341
0.0106274
-0.0464679
-0.0233402
-0.0559493
0.00126841
-0.0288999
0.0682881
0.00680684
0.00375024
-0.0530015
-0.0432771
-0.0911713
-0.106653
-0.103526
-0.0801602
-0.125643
-0.182293
-0.191873
-0.235719
-0.221501
-0.153885
-0.170279
-0.114397
-0.121157
-0.0898594
-0.0629669
-0.0624749
-0.0189491
-0.0222368
0.0179965
0.0443738
0.113169
0.150354
0.176197
0.165652
0.197566
0.247494
0.28828
0.240081
0.222456
0.31498
0.317932
0.264414
0.205118
0.169633
0.207882
0.197886
0.159506
0.167614
0.0676257
0.00342182
-0.024708
-0.0563379
-0.103035
-0.133001
-0.119346
-0.0997137
-0.144539
-0.152454
-0.223027
-0.253756
-0.285263
-0.248143
-0.267894
-0.156375
-0.210357
-0.196763
-0.226337
-0.226606
-0.264072
-0.234208
-0.20571
-0.179123
-0.160402
-0.0596331
0.0421499
0.0361155
0.0749659
0.130109
0.220024
0.227974
0.229992
0.275947
0.268124
0.272205
0.222522
0.153924
0.20273
0.164096
0.244695
0.296801
0.280918
0.245231
0.233785
0.254074
0.194035
0.101325
0.048601
0.028795
-0.0717953
-0.13159
-0.170562
-0.180767
-0.228892
-0.198448
-0.16634
-0.136634
-0.170655
-0.21587
-0.269383
-0.270028
-0.3023
-0.252286
-0.168038
-0.204574
-0.200023
-0.171608
-0.159083
-0.150878
-0.131979
-0.00180779
-0.00534213
0.0359683
0.0424078
0.0195814
0.0377517
0.051806
-0.00931076
-0.000594946
0.00973717
0.0530324
0.127677
0.20143
0.199647
0.161325
0.156877
0.172809
0.175012
0.101507
0.0915679
0.0854648
0.0459198
0.00878972
-0.0436388
-0.0388154
-0.0833862
-0.0718726
-0.123096
-0.0401153
-0.0381033
-0.0368284
-0.131133
-0.108639
-0.160032
-0.125385
-0.128595
-0.0993725
-0.0171635
-0.0156873
0.0576989
-0.0345471
-0.0572444
0.0197836
0.172891
0.165615
0.163661
0.195711
0.166002
0.135614
0.0702472
0.0881787
0.109261
0.0954496
0.080002
0.131304
0.128392
0.0780062
0.0853871
0.110841
0.106614
0.106026
0.0561218
0.0417833
0.0226873
0.0183395
-0.047838
-0.0629155
-0.128196
-0.131877
-0.162161
-0.109118
-0.0799702
-0.103309
-0.0906025
-0.109372
-0.161089
-0.0660022
-0.10683
-0.0709501
-0.0716034
-0.0804806
-0.0375186
-0.0472996
-0.051334
-0.0417658
0.0285097
0.0375656
0.112326
0.135042
0.106392
0.162091
0.121823
0.106896
0.152884
0.156176
0.12882
0.166531
0.179585
0.156552
0.140177
0.0964051
0.15507
0.094231
0.103349
0.187625
0.106449
0.0355949
0.0244535
-0.0310205
-0.0948895
-0.122136
-0.132115
-0.0687909
-0.0835657
-0.100325
-0.159598
-0.132175
-0.15328
-0.118383
-0.0968523
-0.0884604
-0.12985
-0.0903924
-0.128737
-0.0950608
-0.0818707
-0.0638242
-0.0614235
-0.0399146
-0.0366086
-0.0168558
0.0085584
-0.07813
-0.0525717
-0.0425528
-0.0343454
0.00592186
0.00827477
0.0740787
0.0603733
0.0333049
0.0168006
0.0170667
0.0646728
-0.011761
-0.00700581
0.0125733
-0.0107318
0.0402045
0.0882746
0.112799
0.0684492
0.0676553
0.037833
0.081358
0.0771498
0.0391922
-0.0612583
-0.0718222
-0.15699
-0.124771
-0.0786409
-0.0377157
-0.0286314
0.0565691
0.0662006
0.0830707
0.07636
0.0363622
0.0573752
0.0130127
0.0184533
0.00348057
-0.0797479
-0.113839
-0.121403
-0.0796469
-0.087449
-0.0821872
-0.0923428
-0.03288
-0.0277116
-0.0513063
-0.023456
-0.0166912
-0.0558862
-0.092871
-0.0724166
-0.0921713
-0.126502
-0.160771
-0.160947
-0.150055
-0.126071
-0.0704034
0.0166885
0.0372056
0.0164914
0.0229916
0.016628
0.0204319
-0.00366286
0.0295705
0.0143976
0.0855612
0.0749781
0.0590546
0.102962
0.129592
0.149302
0.263921
0.224501
0.236932
0.281496
0.277408
0.230472
0.184985
0.118239
0.0138322
-0.0193741
0.00332553
-0.0120922
0.0685332
-0.000683412
-0.0717483
-0.0870097
-0.0906296
-0.14699
-0.160615
-0.106238
-0.091802
-0.0891191
-0.173565
-0.173204
-0.212698
-0.214374
-0.175877
-0.159574
-0.0844472
-0.116067
-0.0830372
-0.126754
-0.0585285
-0.0268123
-0.0255111
0.00559228
-0.0164614
0.0570443
0.0789142
0.123524
0.120576
0.121317
0.208113
0.154352
0.18396
0.198006
0.227563
0.193021
0.172698
0.111918
0.113102
0.121512
0.131457
0.128334
0.172431
0.144391
0.0815696
0.048389
-0.0693123
-0.0804396
-0.12764
-0.135114
-0.115428
-0.163177
-0.180948
-0.169835
-0.220009
-0.239999
-0.222526
-0.259672
-0.18724
-0.155044
-0.169462
-0.15153
-0.146746
-0.217392
-0.168256
-0.106459
-0.0618321
-0.0742177
-0.0379173
0.00463225
0.0471248
0.0944977
0.164293
0.205141
0.238069
0.152535
0.187058
0.14884
0.0942381
0.071148
0.0742809
0.0882064
0.163933
0.2372
0.279047
0.219456
0.14662
0.14831
0.128858
0.0831418
0.00818056
0.0227368
-0.00892117
-0.108455
-0.141532
-0.113417
-0.190463
-0.177325
-0.153345
-0.148451
-0.0406998
-0.0971166
-0.11703
-0.178006
-0.140227
-0.137945
-0.109776
-0.120989
-0.105104
-0.059049
-0.0530662
0.0142137
0.0359173
0.0140068
0.0367622
0.087154
0.117
0.151178
0.168791
0.112185
0.123559
0.079965
0.0778108
0.0429886
0.0876293
0.119228
0.183993
0.12575
0.0771108
0.0608632
0.081308
0.059909
0.0239882
0.0212916
-0.00473991
-0.0500409
-0.111237
-0.156294
-0.184187
-0.186397
-0.264144
-0.205776
-0.14003
-0.121393
-0.0993646
-0.106204
-0.0431137
-0.0630111
-0.0376918
-0.00685572
-0.0216121
-0.0127565
-0.00468475
0.0286042
0.00370696
-0.0257158
0.115443
0.112963
0.163017
0.207097
0.191601
0.151138
0.19466
0.121638
0.140296
0.14837
0.159653
0.182661
0.146192
0.102931
0.0446097
0.0613467
0.0653192
0.100163
0.0737622
0.0355751
0.00742564
-0.0483929
-0.120148
-0.170927
-0.173032
-0.258813
-0.211575
-0.176807
-0.143683
-0.0690625
-0.0938862
-0.147624
-0.137132
-0.227555
-0.171015
-0.130552
-0.0732899
-0.0762384
-0.0458305
-0.0385008
-0.0735655
-0.0915466
-0.0476933
0.0424522
0.0782874
0.0959624
0.0733698
0.0986406
0.0947622
0.0599456
0.067986
0.0621252
0.116735
0.128276
0.14691
0.104979
0.082577
0.100957
0.0530574
0.0346441
0.0369956
0.054655
0.0845729
0.0208932
0.01583
0.0841057
0.0709559
-0.0123369
-0.0296789
-0.0667975
-0.0409655
-0.0539454
-0.0747983
-0.0640679
-0.0708887
-0.0666984
-0.0588755
-0.0300622
0.0131163
0.0486545
0.0884836
0.124383
0.184257
0.096742
0.144319
0.148556
0.120074
0.113682
0.126803
0.0212696
-0.0408161
-0.0662744
-0.0486122
-0.0105087
0.03852
0.0261178
0.0204876
-0.0123323
-0.033931
-0.0409269
-0.0924463
-0.141501
-0.226712
-0.222888
-0.184524
-0.220629
-0.253247
-0.256491
-0.243849
-0.266501
-0.276645
-0.236305
-0.177329
-0.167595
-0.192285
-0.16526
-0.236512
-0.281999
-0.181227
-0.0956161
-0.0679699
-0.0617193
0.0204654
0.0587767
0.12098
0.141549
0.223419
0.224974
0.202905
0.227846
0.235775
0.179525
0.205427
0.175304
0.176927
0.144779
0.217082
0.175754
0.203042
0.179974
0.14447
0.130574
0.129118
0.102664
0.0421873
0.0875614
0.075781
-0.0116084
-0.0644082
-0.0765371
-0.0977611
-0.130042
-0.125187
-0.0491058
-0.0580247
-0.0374275
-0.056886
-0.0732959
-0.0674456
-0.129456
-0.134343
-0.101192
-0.136008
-0.139296
-0.138711
-0.0637732
-0.0142252
0.0275406
0.072755
0.108664
0.1393
0.167947
0.23733
0.214425
0.218008
0.115971
0.162487
0.0928274
0.104019
0.0844829
0.126617
0.0788316
0.0848522
0.0492104
0.0589625
0.00963187
-0.00654358
0.0498307
0.0364798
-0.0442681
-0.143884
-0.136977
-0.15986
-0.153131
-0.114928
-0.131534
-0.105864
-0.113301
-0.117087
-0.131102
-0.120087
-0.157534
-0.199918
-0.124948
-0.120387
-0.0948436
-0.104086
-0.0794969
-0.0812354
-0.0833271
-0.011983
-0.0421117
-0.0453151
-0.0468797
-0.0343712
0.0642437
0.106162
0.0144787
0.0322123
0.105407
0.13249
0.138855
0.156637
0.155731
0.113619
0.0528251
0.0977959
0.035349
0.0193735
-0.00526605
0.0414017
0.0247568
-0.000372925
-0.0321136
-0.0646824
-0.0713483
-0.00156931
0.117132
0.197012
0.144163
0.111771
0.0598142
0.0301325
-0.0394878
0.00296459
0.0384151
0.0558326
0.0121828
0.000876338
0.0859879
0.0806699
0.112777
0.137128
0.19579
0.18059
0.150922
0.168152
0.177972
0.135828
-0.000354671
-0.0768377
-0.0503507
-0.0348993
-0.0688594
0.00789738
-0.0159606
-0.0354501
-0.0267075
-0.0844395
-0.132592
-0.129159
-0.180035
-0.154682
-0.23821
-0.224355
-0.211877
-0.22616
-0.20511
-0.162354
-0.158315
-0.10965
-0.111136
-0.131976
-0.0988851
-0.0693246
-0.0908604
-0.0891665
-0.0601149
-0.0561555
-0.0204381
-0.0561273
0.00477568
0.0660054
0.0481219
0.0787099
0.134557
0.173267
0.218489
0.289082
0.276779
0.27478
0.195734
0.164255
0.150268
0.165026
0.165361
0.200822
0.132847
0.0523498
0.0292521
0.0415707
0.00781826
-0.0201471
-0.0338314
-0.0267765
-0.109204
-0.138505
-0.191639
-0.254928
-0.233711
-0.221771
-0.24992
-0.196568
-0.184427
-0.134976
-0.15488
-0.169837
-0.194827
-0.175146
-0.131418
-0.154251
-0.0902401
-0.0775049
-0.0548166
-0.055878
-0.0830488
-0.060225
0.0746238
0.114788
0.146517
0.142231
0.100844
0.138602
0.109797
0.161652
0.156168
0.154177
0.106654
0.157266
0.132672
0.136757
0.0886759
0.0939546
0.074331
0.0510315
0.0574264
0.0406041
-0.0080532
0.0146089
-0.00266779
-0.0171457
-0.0750539
-0.0324763
-0.0223438
-0.0104986
0.0206456
0.0311742
-0.0126563
-0.0719583
-0.0842943
-0.0705504
0.00848169
0.0288395
0.0367415
0.0666389
0.134378
0.101531
0.0622032
0.100673
0.136994
0.0984473
0.0895867
0.0645525
0.0379989
0.0353323
-0.0196068
0.0308086
0.0279381
0.0896645
0.0854704
0.0177931
-0.0580139
-0.0737418
-0.0598473
-0.140347
-0.124185
-0.148386
-0.177716
-0.187153
-0.221226
-0.206713
-0.206786
-0.146007
-0.235918
-0.194826
-0.224738
-0.128115
-0.12063
-0.0941957
-0.137876
-0.124908
-0.169009
-0.140617
-0.00765715
-0.000274712
0.0659396
0.105262
0.132277
0.0787471
0.0462291
0.0987866
0.15426
0.201162
0.253593
0.256431
0.228093
0.145949
0.106871
0.109058
0.156038
0.197114
0.202628
0.223948
0.127137
0.0541774
0.00941142
-0.000970033
-0.0469121
-0.0831239
-0.160759
-0.136849
-0.163469
-0.226152
-0.178241
-0.217546
-0.191815
-0.140568
-0.195486
-0.114907
-0.115905
-0.0891779
-0.111266
-0.170205
-0.211037
-0.170198
-0.126018
-0.0951138
-0.0912234
-0.0273969
-0.0019614
0.0423338
0.0686879
0.134254
0.174012
0.161842
0.197351
0.2768
0.26308
0.237673
0.189391
0.210493
0.223302
0.2598
0.21896
0.280859
0.30901
0.288734
0.295542
0.231905
0.178169
0.0877379
0.0855408
0.00828554
-0.0669364
-0.134307
-0.205877
-0.196997
-0.185027
-0.16852
-0.141538
-0.102308
-0.120867
-0.0884895
-0.117987
-0.155746
-0.209417
-0.170035
-0.119996
-0.168462
-0.196097
-0.188984
-0.174839
-0.162743
-0.140061
-0.0446534
0.000766086
-0.017125
0.0620907
0.119018
0.0491753
0.0163143
-0.00631411
-0.0355629
-0.00681544
0.0347504
0.0831219
0.0897886
0.0716363
0.0808046
0.0171137
0.0554619
0.0227341
0.00944832
-0.0575427
-0.0174872
-0.0370911
-0.0452481
-0.09021
-0.0710414
-0.0519746
-0.0264843
-0.0226947
0.0191677
0.0174496
-0.00578018
-0.0601724
-0.0592493
-0.081755
-0.041336
0.0108669
-0.00715303
0.0195945
0.0518575
0.0960853
0.0623601
0.0758797
0.129385
0.138595
0.128224
0.154052
0.175714
0.171419
0.191431
0.0807871
0.112271
0.147142
0.0927568
0.0947625
0.0760003
0.0935156
-0.00933207
-0.106777
-0.126252
-0.155686
-0.165229
-0.141866
-0.109609
-0.202989
-0.239912
-0.235046
-0.248288
-0.245957
-0.167876
-0.155795
-0.095706
-0.13099
-0.162779
-0.173453
-0.142702
-0.132393
-0.079954
-0.0570777
0.00259908
0.0259552
0.0693466
0.130105
0.139246
0.199762
0.287694
0.311877
0.287676
0.253259
0.313468
0.359523
0.365557
0.219344
0.21024
0.238989
0.250068
0.281707
0.322676
0.31076
0.236027
0.27511
0.259647
0.213494
0.14661
0.126
0.105106
-0.00134243
-0.0953864
-0.247765
-0.279561
-0.309418
-0.2865
-0.210099
-0.156729
-0.229701
-0.270181
-0.271955
-0.275769
-0.31891
-0.277613
-0.276984
-0.223619
-0.224062
-0.195114
-0.172731
-0.231803
-0.195983
-0.185699
-0.142258
-0.0998548
-0.0168357
0.0189559
0.00734012
0.0149441
-0.00395431
-0.014409
-0.0468558
-0.0399342
-0.0386182
0.0701798
0.0635989
0.0443093
0.0730219
0.106121
0.119339
0.103398
0.101214
0.139606
0.137104
0.0928526
0.0998118
0.0670836
0.0350704
0.0632906
-0.00229723
0.0678319
0.0788576
0.082257
0.0155217
0.00706316
-0.045873
0.00957232
0.0170753
0.0253375
0.0445877
0.038726
0.0262927
0.0486812
0.0910506
0.0991021
0.141027
0.0727164
0.0635941
0.135227
0.146985
0.149307
0.119811
0.109751
0.124632
0.0824903
0.0823377
0.107746
0.0780681
0.0499594
0.0249405
0.00834018
0.0635055
-0.0504745
-0.0289229
-0.0608464
-0.13411
-0.122234
-0.133283
-0.144315
-0.161916
-0.0867061
-0.140431
-0.0855217
-0.116732
-0.137184
-0.234077
-0.218811
-0.228737
-0.139255
-0.122792
-0.126619
-0.115237
-0.0577394
-0.0728897
-0.0626729
-0.0956857
-0.112325
0.00314809
0.0218566
0.0391039
0.0397763
0.0319759
0.0348896
0.0339892
0.0710754
0.105239
0.147053
0.146762
0.198735
0.141549
0.0916643
0.076701
0.0667355
0.0451605
-0.0174694
-0.00123725
0.00217598
-0.00880851
-0.00986551
-0.00589671
0.0381635
-0.0385724
-0.0652084
-0.0378523
-0.00559028
0.0103109
-0.00202219
-0.0526749
-0.0627773
-0.107277
-0.111133
-0.11142
-0.0906368
-0.0794711
-0.0711484
-0.0489092
-0.0606583
-0.106541
0.0179316
0.0276539
0.0891931
0.104588
0.0939382
0.00530404
-0.0711242
-0.0850221
-0.0585906
0.0587373
0.0620662
0.0636915
0.10653
0.0682436
0.0325974
0.0775261
0.088972
0.0426279
-0.0139278
-0.0277886
-0.0507894
-0.023726
-0.109488
-0.0800659
-0.0602347
-0.0535112
-0.0206924
-0.0430688
0.0746263
0.0713173
0.0871035
0.0269919
-0.00570996
-0.0374959
-0.0572613
-0.0163442
0.0450655
0.0176333
0.0207078
0.0835319
0.0459403
0.0150121
0.124156
0.115231
0.1348
0.10315
0.161935
0.13052
0.0761233
0.03137
0.00847682
-0.0210365
0.0232832
0.0463759
0.13144
0.08146
0.0350242
0.0442733
0.00867239
0.0327545
-0.0363809
-0.0292508
-0.0211713
-0.0887309
-0.143749
-0.134564
-0.135412
-0.114615
-0.0885157
-0.0927143
-0.051241
0.00551409
-0.00796501
0.021039
0.0119911
-0.0743645
-0.0183028
0.0328814
0.0345191
0.0280921
0.0295426
0.0201102
0.0300313
0.026993
0.0464892
0.0274051
0.116426
0.11511
0.167403
0.110709
0.0891098
0.0379824
0.00987328
-0.0196396
-0.00650177
-0.0192489
0.021404
0.0031685
-0.0287918
-0.0264666
-0.0292417
-0.0390693
-0.138306
-0.115396
-0.0717668
-0.122533
-0.143393
-0.119455
-0.105106
-0.0891862
-0.0963318
-0.127417
-0.0537828
-0.0632302
-0.0405677
-0.0646533
0.00515446
0.0096923
0.0349163
0.113802
0.134219
0.187619
0.176312
0.198566
0.13893
0.143346
0.136281
0.145131
0.133183
0.116358
0.171978
0.112911
0.122188
0.0318739
0.00813023
0.0319932
0.0506126
0.0663872
0.0570703
0.0095878
-0.049033
-0.0368066
-0.0574049
-0.135397
-0.14451
-0.209937
-0.230152
-0.270354
-0.309247
-0.331729
-0.312375
-0.318396
-0.292684
-0.204726
-0.154156
-0.132892
-0.194642
-0.156648
-0.0642051
-0.0576559
-0.00719862
0.000274646
0.0223476
0.0325706
0.0850738
0.193593
0.241829
0.213963
0.318624
0.340497
0.35752
0.399452
0.382658
0.334722
0.322176
0.195384
0.155857
0.0992172
0.144827
0.180161
0.248276
0.217287
0.178588
0.157458
0.084296
0.0645105
0.00279764
0.0056494
-0.0423997
-0.170768
-0.229613
-0.262973
-0.320558
-0.365404
-0.366732
-0.321512
-0.273204
-0.274515
-0.325948
-0.310234
-0.306362
-0.333519
-0.243774
-0.26217
-0.191357
-0.157914
-0.150562
-0.133845
-0.110769
-0.0384339
0.0463347
0.0293249
0.102785
0.130257
0.12594
0.168989
0.179787
0.168014
0.193061
0.119717
0.178374
0.168584
0.217711
0.22621
0.154287
0.151968
0.160728
0.130384
0.112519
0.134017
0.158432
0.0976789
0.0711097
0.0674777
-0.0614645
-0.107729
-0.133194
-0.127079
-0.0751588
-0.072181
-0.11667
-0.145194
-0.136456
-0.14699
-0.0859569
-0.0998938
-0.0988684
-0.0262065
-0.00206771
0.015822
0.000548368
-0.00911508
0.025796
0.0613723
0.0525874
0.0551974
0.0686161
0.0344562
0.0797973
0.0942655
0.114746
0.0902603
0.114683
0.116246
0.173985
0.0926949
0.0582147
0.00257544
-0.0444268
-0.0580988
-0.0354934
-0.0453065
-0.0606629
-0.0633167
-0.0692108
-0.0533627
-0.0457446
-0.107508
-0.100178
-0.0709103
-0.0352137
-0.0290862
-0.0776581
-0.0932305
-0.137616
-0.158897
-0.178177
-0.131816
-0.124005
-0.110255
-0.0144922
0.0477858
0.121975
0.0959985
0.115549
0.120232
0.13004
0.139301
0.13481
0.102138
0.0962805
0.0471775
0.0478889
0.0685839
0.0997894
0.100614
0.134212
0.0505548
0.0407644
0.088137
0.0249008
0.0140327
-0.0269671
-0.0211289
-0.0156049
-0.104579
-0.130187
-0.129048
-0.157689
-0.26601
-0.228401
-0.165885
-0.100129
-0.134552
-0.137797
-0.210544
-0.182375
-0.189579
-0.163534
-0.0839858
-0.0759433
-0.0268537
-0.0541314
-0.0255012
0.0111622
0.0205796
0.129974
0.223005
0.259288
0.223288
0.18796
0.132003
0.10111
0.0740953
0.0721376
0.0842647
0.125129
0.130993
0.194848
0.238222
0.243391
0.17886
0.188948
0.149564
0.0962738
0.121786
0.10803
0.0432338
-0.0471299
-0.0272973
-0.0711277
-0.0869083
-0.111515
-0.0917487
-0.0197734
-0.0349392
-0.0250397
-0.047004
-0.0750017
-0.191824
-0.14868
-0.0809858
-0.123465
-0.146252
-0.114269
-0.0300133
0.00665601
-0.0572036
0.00361204
0.0381704
0.0483945
0.0593442
0.0680906
0.00461293
0.00275291
-0.0854116
-0.058282
-0.0614888
0.0124076
0.0134062
0.0591937
0.0249966
-0.0281088
-0.0249285
-0.0224864
-0.032473
-0.0236882
0.00666658
-0.0383082
-0.0408437
-0.0904375
-0.0713967
-0.107623
-0.134548
-0.109431
-0.101371
-0.0503543
-0.0532078
-0.0554162
-0.0199331
-0.0332063
-0.0843842
-0.0417051
0.0177928
0.0557575
0.0295149
-0.00597316
0.087331
0.0230168
0.000427746
0.0448907
0.0869688
0.148816
0.197102
0.184537
0.161371
0.132598
0.0140855
0.0520634
0.00747988
0.0976842
0.0806636
0.130202
0.027887
-0.0193323
-0.0360187
-0.0456011
-0.0623764
-0.0859622
-0.123501
-0.0904
-0.150125
-0.164411
-0.184826
-0.239538
-0.226295
-0.240686
-0.191519
-0.149206
-0.118596
-0.0826118
-0.109999
-0.0907078
-0.0737817
-0.085366
0.00130506
0.0179942
0.0280582
0.0754144
0.130071
0.144972
0.168375
0.178475
0.204226
0.203414
0.16457
0.195694
0.197483
0.23681
0.174379
0.141148
0.141301
0.157113
0.138873
0.135668
0.11283
0.101304
0.0493801
0.0359376
0.0270697
-0.0191536
-0.055024
-0.0283147
-0.133444
-0.184441
-0.219947
-0.228685
-0.205767
-0.155124
-0.150334
-0.132715
-0.16822
-0.162936
-0.162419
-0.176966
-0.269935
-0.245385
-0.191652
-0.191459
-0.122085
-0.0644327
0.00109986
0.0600888
0.108671
0.128882
0.23027
0.247457
0.254612
0.28175
0.271609
0.258772
0.149099
0.111093
0.151239
0.227678
0.226485
0.217779
0.173639
0.130141
0.137042
0.164933
0.128525
0.122092
0.119182
0.0768449
-0.0370574
-0.0360127
-0.09051
-0.0933496
-0.128496
-0.0742994
-0.0695604
-0.0570392
-0.0696702
-0.14904
-0.14653
-0.136182
-0.140419
-0.103168
-0.0584007
-0.0536296
-0.0402503
-0.0388706
-0.0480945
-0.0705022
-0.140187
-0.0985533
-0.038036
-0.047557
0.0364517
0.0347482
0.0601538
0.0921295
0.0789187
0.11065
0.0813963
0.0844646
0.069991
0.112993
0.0636164
0.00480241
0.00253838
-0.0385062
-0.0537503
-0.0175336
-0.0394855
-0.0262165
-0.0483446
-0.0177178
-0.0364012
-0.0490579
-0.106639
-0.104304
-0.125473
-0.060946
-0.0668107
-0.0238199
-0.0688738
-0.0905843
-0.0849508
-0.0287941
0.00315247
0.00315837
0.0436064
0.0209439
0.124116
0.0593983
0.0610726
0.111591
0.0966047
0.0698122
0.0516038
0.0286941
0.0425032
0.0487588
-0.0243722
0.0130195
0.0580391
0.0625542
0.0479103
0.0607966
0.0231133
0.00594623
-0.0784306
-0.0713573
-0.0715604
-0.120608
-0.167227
-0.167717
-0.201615
-0.208835
-0.201307
-0.189749
-0.268847
-0.17521
-0.152056
-0.0759853
-0.0969518
-0.0939288
-0.0840766
-0.119148
-0.151059
-0.128763
-0.0803059
-0.0832957
-0.0110721
0.0712415
0.13977
0.13774
0.115122
0.158201
0.243485
0.24418
0.249468
0.225754
0.175358
0.146496
0.136088
0.157537
0.200592
0.23919
0.224386
0.278448
0.22874
0.234677
0.196506
0.111369
0.0558755
-0.00474266
-0.0204614
-0.0358035
-0.0958303
-0.132285
-0.13523
-0.181633
-0.197563
-0.213818
-0.211329
-0.10827
-0.0821475
-0.0500769
-0.102018
-0.0827309
-0.137877
-0.135365
-0.107058
-0.0948341
-0.12209
-0.0937294
-0.0524103
0.0591785
0.0677742
0.140034
0.202104
0.174467
0.159092
0.216708
0.215419
0.149822
0.137968
0.136462
0.166721
0.132391
0.142766
0.119319
0.115132
0.124012
0.116623
0.0886588
0.00597765
-0.0495835
-0.0873045
-0.0909832
-0.131013
-0.191089
-0.225947
-0.232042
-0.244586
-0.274358
-0.257505
-0.208881
-0.180945
-0.137468
-0.233388
-0.21388
-0.293321
-0.200644
-0.10593
-0.112065
-0.0963473
-0.0750293
-0.0357651
-0.0435457
-0.0139339
0.0406123
0.0987127
0.0984732
0.101419
0.139511
0.093009
0.0973929
0.0704139
0.0778802
0.102389
0.136255
0.111621
0.13814
0.134685
0.104172
0.0590465
0.123332
0.105351
0.112553
0.116482
0.0498866
-0.0105563
-0.043079
-0.0578521
-0.10693
-0.161152
-0.131374
-0.119154
-0.08867
-0.0567562
-0.0555474
-0.0576932
-0.0757281
-0.122283
-0.0736084
-0.0263089
-0.00390417
0.0017938
0.0150378
0.0254501
0.0319235
0.0303019
0.110653
0.123028
0.116583
0.234916
0.259987
0.246248
0.217113
0.169811
0.129728
0.107506
0.0875576
0.0716841
0.0958165
0.0721469
0.0423502
0.00174558
-0.0273508
-0.0662585
-0.0944441
-0.0908454
-0.0558396
-0.0809547
-0.120893
-0.187669
-0.190807
-0.150749
-0.0833064
-0.139811
-0.125158
-0.199528
-0.208868
-0.30244
-0.282141
-0.273785
-0.266247
-0.264345
-0.25578
-0.235706
-0.171789
-0.103661
-0.0997477
-0.0364251
0.046772
0.0889125
0.0772556
0.121308
0.154076
0.180732
0.210352
0.111929
0.135976
0.160816
0.191345
0.254221
0.297341
0.285472
0.157879
0.14605
0.103468
0.119883
0.090975
0.0764936
0.132175
0.0688191
0.0555911
-0.0246691
-0.0721367
-0.0694804
-0.00872713
-0.00233678
0.00955526
-0.00346103
-0.0175964
-0.0379036
-0.0799099
-0.11474
-0.107654
-0.0897998
-0.0617533
-0.0849672
-0.0213992
-0.0195497
-0.00961348
0.0287694
0.0471425
0.0562298
0.082294
0.0680058
0.133683
0.115787
0.0758652
-0.0184894
-0.0322653
0.0233496
0.0357231
0.0470889
0.0879156
0.0608933
0.0419991
0.0655353
0.0625928
0.0783065
0.000348539
0.0436535
0.0401469
-0.0494244
-0.0782378
-0.0868992
-0.0555924
-0.106097
-0.0803197
-0.0958177
-0.00461829
-0.0197569
-0.010645
-0.0223154
-0.0519198
-0.0778552
-0.0299431
-0.00189045
-0.0250844
-0.0293774
0.0138329
-0.0268833
-0.0147129
-0.000280812
0.00602369
0.0709125
0.0264869
0.131076
0.178289
0.172126
0.210525
0.188741
0.190841
0.123771
0.157682
0.139919
0.142932
0.0736777
-0.0120701
-0.0265624
-0.00805459
-0.0056918
-0.0816908
-0.0614708
-0.0405008
-0.0678899
-0.15775
-0.184121
-0.19553
-0.193336
-0.14077
-0.115004
-0.0784492
-0.134546
-0.145409
-0.191695
-0.180155
-0.200285
-0.154032
-0.183
-0.156459
-0.112583
-0.0887902
-0.048899
-0.0200642
-0.0584478
0.0116019
0.0101107
0.0292031
0.0582554
0.112578
0.0990853
0.0665319
0.0351066
0.0933395
0.190891
0.153483
0.198458
0.282371
0.272321
0.177803
0.140276
0.119344
0.0577167
0.0339381
-0.00060259
-0.0390489
-0.108788
-0.144847
-0.0812157
-0.0936502
-0.118832
-0.0366634
-0.00809485
0.0571168
0.072075
0.0381606
-0.0563127
-0.118445
-0.206704
-0.222059
-0.218582
-0.167408
-0.151322
-0.0961395
-0.0598429
-0.0908957
-0.124957
-0.0494903
0.00796984
0.0464828
0.034751
0.0507962
0.0243596
-0.00644343
-0.0373259
-0.0651927
-0.0120099
-0.0131314
0.0329479
0.0667388
0.0231674
0.0627245
0.106162
0.0721257
0.0550737
-0.0532305
-0.067674
-0.017983
-0.0624785
-0.0797358
-0.0574415
-0.0151575
-0.0527597
-0.0551652
-0.0765902
0.0530992
0.0621812
0.0747904
0.0677389
0.0509785
-0.0168868
0.00243271
0.0122599
0.0193213
0.0161015
0.0161763
-0.0211684
-0.0244988
-0.0233047
0.0544045
0.135633
0.180246
0.165098
0.211093
0.157009
0.11449
0.0610055
0.0213888
0.0235777
-0.00093822
0.0323099
0.0407989
0.0803104
0.00400758
0.00499775
-0.00109874
-0.00854273
-0.037813
-0.0256233
0.0058363
-0.0405825
-0.0906797
-0.0634795
-0.0855566
-0.0880243
-0.160342
-0.185352
-0.071592
-0.02033
-0.0131076
-0.0378539
-0.0131431
-0.04442
0.0231503
0.0204021
0.0976542
0.0762355
0.0459504
0.0790242
0.0812708
0.0396399
0.105403
0.104744
0.109669
0.0929031
0.196156
0.149458
0.125432
0.0582803
0.0453669
0.0731926
0.0615305
0.020637
-0.0103199
-0.0709269
-0.0838514
-0.0218704
-0.0280312
-0.0986668
-0.157847
-0.147655
-0.136284
-0.138149
-0.159101
-0.181462
-0.177588
-0.172417
-0.174673
-0.141073
-0.141501
-0.0930697
-0.109222
-0.15134
-0.102411
-0.118898
-0.12074
-0.0168475
0.0292931
0.00398612
-0.0294705
0.0172316
0.0476342
0.0800465
0.151387
0.159788
0.216926
0.247446
0.255677
0.171304
0.171908
0.116223
0.135385
0.0873245
0.18171
0.138038
0.180593
0.10361
0.0614938
0.0493772
0.027967
0.00941072
-0.0606982
-0.0416015
-0.0529829
-0.0560956
-0.169406
-0.173964
-0.131272
-0.134088
-0.0712034
-0.0575969
-0.0298239
-0.0088062
-0.0650563
-0.0643853
-0.0660635
-0.0999077
-0.0754432
-0.028282
-0.000520966
0.0294444
0.0620011
0.057968
0.0637725
0.0805999
0.0928462
0.0405075
0.0568167
0.102036
0.124199
0.111911
0.101329
0.0275177
0.0390536
0.033919
0.105467
0.134708
0.129586
0.13637
0.0757613
-0.00205301
-0.063412
-0.0893543
