0.0999
0.0997001
0.0994005
0.0990015
0.0985035
0.097907
0.0972126
0.096421
0.0955329
0.0945493
0.0934712
0.0922996
0.0910357
0.0896808
0.0882362
0.0867033
0.0850837
0.0833791
0.0815911
0.0797215
0.0777721
0.075745
0.0736422
0.0714657
0.0692178
0.0669006
0.0645165
0.0620679
0.0595573
0.056987
0.0543598
0.0516783
0.048945
0.0461628
0.0433345
0.0404628
0.0375507
0.034601
0.0316167
0.0286008
0.0255562
0.0224862
0.0193936
0.0162817
0.0131534
0.010012
0.00686065
0.00370239
0.00054043
-0.00262207
-0.00578195
-0.00893605
-0.0120812
-0.0152143
-0.0183322
-0.0214317
-0.0245098
-0.0275634
-0.0305894
-0.0335849
-0.0365467
-0.039472
-0.0423579
-0.0452013
-0.0479996
-0.0507499
-0.0534494
-0.0560955
-0.0586855
-0.0612168
-0.0636869
-0.0660932
-0.0684335
-0.0707054
-0.0729066
-0.0750348
-0.077088
-0.0790642
-0.0809612
-0.0827774
-0.0845107
-0.0861595
-0.0877222
-0.0891971
-0.0905828
-0.091878
-0.0930813
-0.0941915
-0.0952075
-0.0961283
-0.0969529
-0.0976807
-0.0983107
-0.0988424
-0.0992753
-0.0996089
-0.0998429
-0.0999771
-0.100011
-0.0999454
-0.0997796
-0.0995141
-0.099149
-0.0986848
-0.0981219
-0.0974609
-0.0967024
-0.0958472
-0.0948961
-0.0938502
-0.0927104
-0.0914779
-0.090154
-0.0887398
-0.087237
-0.0856469
-0.0839711
-0.0822114
-0.0803695
-0.0784472
-0.0764464
-0.0743692
-0.0722177
-0.0699939
-0.0677001
-0.0653386
-0.0629118
-0.0604221
-0.0578719
-0.0552639
-0.0526006
-0.0498847
-0.047119
-0.0443061
-0.0414489
-0.0385502
-0.0356131
-0.0326402
-0.0296348
-0.0265997
-0.023538
-0.0204528
-0.0173471
-0.0142241
-0.0110869
-0.00793855
-0.00478228
-0.00162123
0.00154144
0.00470258
0.007859
0.0110076
0.0141451
0.0172686
0.0203747
0.0234605
0.0265228
0.0295586
0.0325648
0.0355385
0.0384766
0.0413763
0.0442345
0.0470486
0.0498156
0.0525327
0.0551974
0.0578068
0.0603585
0.0628498
0.0652782
0.0676413
0.0699369
0.0721624
0.0743158
0.0763949
0.0783976
0.0803219
0.0821659
0.0839277
0.0856056
0.0871979
0.088703
0.0901194
0.0914457
0.0926805
0.0938226
0.0948709
0.0958244
0.096682
0.0974429
0.0981064
0.0986718
0.0991385
0.0995061
0.0997742
0.0999425
0.100011
0.0999792
0.0998475
0.099616
0.0992849
0.0988546
0.0983253
0.0976978
0.0969725
0.0961503
0.0952319
0.0942183
0.0931104
0.0919095
0.0906166
0.0892332
0.0877605
0.0862
0.0845533
0.0828221
0.0810081
0.079113
0.0771389
0.0750876
0.0729612
0.0707618
0.0684917
0.0661531
0.0637484
0.0612799
0.0587501
0.0561615
0.0535168
0.0508186
0.0480696
0.0452725
0.0424301
0.0395453
0.036621
0.03366
0.0306654
0.0276401
0.0245871
0.0215096
0.0184106
0.0152932
0.0121604
0.00901552
0.00586161
0.00270184
-0.000460638
-0.00362265
-0.00678104
-0.00993265
-0.0130743
-0.0162029
-0.0193153
-0.0224084
-0.0254791
-0.0285243
-0.031541
-0.0345261
-0.0374767
-0.0403898
-0.0432626
-0.046092
-0.0488754
-0.0516099
-0.0542928
-0.0569214
-0.0594931
-0.0620053
-0.0644555
-0.0668412
-0.0691601
-0.0714099
-0.0735882
-0.0756929
-0.077722
-0.0796733
-0.0815449
-0.083335
-0.0850418
-0.0866635
-0.0881986
-0.0896454
-0.0910026
-0.0922688
-0.0934428
-0.0945233
-0.0955093
-0.0963997
-0.0971938
-0.0978907
-0.0984897
-0.0989902
-0.0993917
-0.0996938
-0.0998962
-0.0999987
-0.100001
-0.0999038
-0.0997064
-0.0994093
-0.0990128
-0.0985173
-0.0979232
-0.0972313
-0.0964421
-0.0955565
-0.0945753
-0.0934996
-0.0923303
-0.0910687
-0.0897161
-0.0882737
-0.086743
-0.0851257
-0.0834231
-0.0816372
-0.0797696
-0.0778223
-0.0757971
-0.0736962
-0.0715215
-0.0692753
-0.0669599
-0.0645775
-0.0621305
-0.0596213
-0.0570526
-0.0544268
-0.0517466
-0.0490146
-0.0462336
-0.0434064
-0.0405358
-0.0376246
-0.0346758
-0.0316924
-0.0286772
-0.0256334
-0.0225639
-0.0194719
-0.0163604
-0.0132325
-0.0100914
-0.00694025
-0.00378213
-0.000620223
0.0025423
0.00570229
0.00885657
0.012002
0.0151354
0.0182537
0.0213537
0.0244324
0.0274867
0.0305134
0.0335097
0.0364724
0.0393987
0.0422856
0.0451301
0.0479296
0.0506811
0.053382
0.0560294
0.0586208
0.0611537
0.0636253
0.0660333
0.0683753
0.070649
0.0728519
0.074982
0.0770372
0.0790153
0.0809144
0.0827325
0.084468
0.086119
0.0876838
0.089161
0.090549
0.0918464
0.0930521
0.0941646
0.095183
0.0961062
0.0969333
0.0976635
0.098296
0.0988302
0.0992656
0.0996017
0.0998382
0.0999749
0.100012
0.0999483
0.0997851
0.099522
0.0991594
0.0986977
0.0981373
0.0974787
0.0967227
0.0958699
0.0949213
0.0938778
0.0927403
0.0915102
0.0901885
0.0887766
0.087276
0.085688
0.0840144
0.0822568
0.0804169
0.0784966
0.0764978
0.0744226
0.0722728
0.0700508
0.0677588
0.065399
0.0629738
0.0604856
0.057937
0.0553304
0.0526685
0.0499539
0.0471893
0.0443776
0.0415215
0.0386239
0.0356876
0.0327157
0.029711
0.0266766
0.0236156
0.0205309
0.0174257
0.0143031
0.0111662
0.00801809
0.00486198
0.00170101
-0.00146166
-0.00462287
-0.00777945
-0.0109283
-0.0140661
-0.01719
-0.0202966
-0.0233829
-0.0264458
-0.0294823
-0.0324894
-0.0354639
-0.0384029
-0.0413036
-0.044163
-0.0469781
-0.0497464
-0.0524648
-0.0551308
-0.0577417
-0.0602948
-0.0627877
-0.0652177
-0.0675825
-0.0698798
-0.0721072
-0.0742624
-0.0763434
-0.0783481
-0.0802744
-0.0821204
-0.0838843
-0.0855644
-0.0871588
-0.0886661
-0.0900848
-0.0914133
-0.0926505
-0.0937949
-0.0948456
-0.0958015
-0.0966615
-0.0974249
-0.0980909
-0.0986587
-0.099128
-0.099498
-0.0997686
-0.0999394
-0.10001
-0.0999812
-0.0998521
-0.0996231
-0.0992945
-0.0988666
-0.0983399
-0.0977148
-0.096992
-0.0961722
-0.0952562
-0.094245
-0.0931395
-0.0919409
-0.0906504
-0.0892692
-0.0877987
-0.0862404
-0.0845959
-0.0828668
-0.0810548
-0.0791618
-0.0771896
-0.0751402
-0.0730157
-0.0708182
-0.0685498
-0.0662129
-0.0638098
-0.0613429
-0.0588146
-0.0562275
-0.0535842
-0.0508873
-0.0481396
-0.0453436
-0.0425024
-0.0396186
-0.0366952
-0.0337351
-0.0307413
-0.0277168
-0.0246645
-0.0215875
-0.018489
-0.015372
-0.0122396
-0.00909499
-0.00594126
-0.0027816
0.000380844
0.00354291
0.00670143
0.00985325
0.0129952
0.0161242
0.019237
0.0223306
0.0254019
0.0284478
0.0314652
0.0344512
0.0374027
0.0403168
0.0431906
0.0460212
0.0488058
0.0515416
0.0542258
0.0568558
0.059429
0.0619427
0.0643945
0.0667819
0.0691025
0.071354
0.0735341
0.0756407
0.0776717
0.079625
0.0814987
0.0832909
0.0849998
0.0866236
0.0881609
0.08961
0.0909695
0.092238
0.0934143
0.0944972
0.0954856
0.0963784
0.097175
0.0978743
0.0984758
0.0989787
0.0993827
0.0996874
0.0998923
0.0999973
0.100002
0.0999074
0.0997126
0.099418
0.099024
0.098531
0.0979394
0.09725
0.0964632
0.09558
0.0946012
0.0935278
0.0923609
0.0911017
0.0897513
0.0883112
0.0867827
0.0851675
0.0834671
0.0816833
0.0798177
0.0778724
0.0758492
0.0737501
0.0715773
0.0693329
0.0670191
0.0646384
0.062193
0.0596854
0.0571181
0.0544937
0.0518148
0.0490841
0.0463044
0.0434783
0.0406087
0.0376985
0.0347507
0.031768
0.0287536
0.0257105
0.0226416
0.0195502
0.0164391
0.0133116
0.0101708
0.00701985
0.00386187
0.000700015
-0.00246253
-0.00562262
-0.00877709
-0.0119228
-0.0150565
-0.0181752
-0.0212758
-0.024355
-0.0274099
-0.0304374
-0.0334345
-0.0363981
-0.0393253
-0.0422132
-0.0450589
-0.0478595
-0.0506123
-0.0533145
-0.0559633
-0.0585562
-0.0610905
-0.0635637
-0.0659734
-0.0683171
-0.0705925
-0.0727972
-0.0749292
-0.0769863
-0.0789663
-0.0808674
-0.0826877
-0.0844252
-0.0860784
-0.0876454
-0.0891248
-0.0905151
-0.0918148
-0.0930228
-0.0941377
-0.0951585
-0.0960841
-0.0969136
-0.0976463
-0.0982813
-0.098818
-0.0992558
-0.0995945
-0.0998335
-0.0999727
-0.100012
-0.0999511
-0.0997904
-0.0995299
-0.0991698
-0.0987106
-0.0981526
-0.0974966
-0.096743
-0.0958926
-0.0949464
-0.0939052
-0.0927702
-0.0915423
-0.0902229
-0.0888133
-0.0873149
-0.0857292
-0.0840577
-0.0823022
-0.0804643
-0.0785461
-0.0765492
-0.0744758
-0.072328
-0.0701078
-0.0678175
-0.0654594
-0.0630358
-0.0605492
-0.058002
-0.0553969
-0.0527363
-0.050023
-0.0472597
-0.0444491
-0.0415941
-0.0386975
-0.0357621
-0.0327911
-0.0297872
-0.0267535
-0.0236931
-0.020609
-0.0175043
-0.0143821
-0.0112455
-0.00809762
-0.00494168
-0.00178079
0.00138187
0.00454316
0.0076999
0.0108489
0.0139871
0.0171113
0.0202184
0.0233053
0.0263689
0.0294061
0.0324139
0.0353893
0.0383293
0.0412309
0.0440913
0.0469077
0.0496771
0.0523969
0.0550642
0.0576765
0.0602312
0.0627255
0.0651572
0.0675237
0.0698227
0.0720518
0.074209
0.0762918
0.0782985
0.0802268
0.0820748
0.0838408
0.085523
0.0871197
0.0886292
0.0900501
0.0913809
0.0926204
0.0937672
0.0948203
0.0957785
0.096641
0.0974069
0.0980753
0.0986456
0.0991173
0.0994899
0.099763
0.0999364
0.10001
0.0999832
0.0998566
0.0996301
0.099304
0.0988786
0.0983544
0.0977318
0.0970114
0.0961941
0.0952805
0.0942717
0.0931686
0.0919723
0.090684
0.0893051
0.0878369
0.0862808
0.0846385
0.0829115
0.0811016
0.0792106
0.0772403
0.0751929
0.0730702
0.0708745
0.0686079
0.0662727
0.0638712
0.0614059
0.0588791
0.0562935
0.0536516
0.050956
0.0482095
0.0454147
0.0425746
0.0396919
0.0367694
0.0338102
0.0308172
0.0277934
0.0247418
0.0216655
0.0185674
0.0154508
0.0123188
0.00917445
0.00602092
0.00286136
-0.000301051
-0.00346316
-0.00662181
-0.00977384
-0.0129161
-0.0160454
-0.0191587
-0.0222529
-0.0253247
-0.0283713
-0.0313895
-0.0343763
-0.0373287
-0.0402438
-0.0431186
-0.0459504
-0.0487361
-0.0514732
-0.0541587
-0.0567902
-0.0593648
-0.06188
-0.0643334
-0.0667224
-0.0690448
-0.071298
-0.07348
-0.0755885
-0.0776214
-0.0795767
-0.0814524
-0.0832467
-0.0849577
-0.0865837
-0.0881232
-0.0895745
-0.0909363
-0.0922072
-0.0933858
-0.094471
-0.0954618
-0.0963571
-0.0971561
-0.0978579
-0.0984618
-0.0989673
-0.0993738
-0.0996809
-0.0998884
-0.0999959
-0.100003
-0.0999111
-0.0997187
-0.0994267
-0.0990352
-0.0985446
-0.0979556
-0.0972685
-0.0964843
-0.0956035
-0.0946271
-0.0935561
-0.0923915
-0.0911346
-0.0897865
-0.0883486
-0.0868224
-0.0852093
-0.0835111
-0.0817293
-0.0798658
-0.0779224
-0.0759011
-0.073804
-0.071633
-0.0693903
-0.0670783
-0.0646992
-0.0622554
-0.0597494
-0.0571836
-0.0545606
-0.0518831
-0.0491537
-0.0463751
-0.0435501
-0.0406816
-0.0377724
-0.0348255
-0.0318437
-0.0288301
-0.0257876
-0.0227194
-0.0196284
-0.0165178
-0.0133907
-0.0102502
-0.00709945
-0.0039416
-0.000779807
0.00238276
0.00554295
0.0086976
0.0118435
0.0149777
0.0180968
0.0211978
0.0242776
0.0273332
0.0303614
0.0333593
0.0363238
0.039252
0.0421409
0.0449877
0.0477895
0.0505435
0.0532469
0.0558971
0.0584915
0.0610273
0.0635021
0.0659134
0.0682588
0.0705359
0.0727425
0.0748763
0.0769353
0.0789174
0.0808205
0.0826428
0.0843824
0.0860377
0.0876069
0.0890886
0.0904811
0.0917832
0.0929934
0.0941107
0.0951339
0.0960619
0.0968939
0.097629
0.0982664
0.0988056
0.099246
0.0995871
0.0998287
0.0999704
0.100012
0.0999539
0.0997957
0.0995377
0.0991801
0.0987234
0.0981679
0.0975143
