0, 0
0, 1
-1, 1
-1, 0
-2, 0
-2, -1
-2, 0
-1, 0
-2, 0
-3, 0
-3, 1
-3, 0
-3, 1
-3, 0
-3, -1
-3, 0
-2, 0
-2, 1
-1, 1
0, 1
0, 0
1, 0
1, -1
0, -1
0, 0
0, 1
0, 2
0, 1
0, 0
0, -1
-1, -1
-1, 0
-1, 1
-1, 2
-2, 2
-2, 1
-3, 1
-2, 1
-2, 0
-2, 1
-3, 1
-4, 1
-5, 1
-5, 0
-4, 0
-5, 0
-5, 1
-4, 1
-4, 0
-4, 1
-5, 1
-5, 2
-5, 1
-4, 1
-3, 1
-4, 1
-4, 2
-4, 3
-3, 3
-4, 3
-5, 3
-6, 3
-5, 3
-5, 2
-4, 2
-5, 2
-5, 3
-6, 3
-7, 3
-8, 3
-7, 3
-7, 2
-7, 3
-8, 3
-8, 4
-8, 3
-8, 4
-7, 4
-7, 3
-7, 4
-7, 3
-6, 3
-5, 3
-5, 4
-4, 4
-3, 4
-3, 3
-3, 2
-3, 3
-3, 2
-2, 2
-1, 2
0, 2
1, 2
1, 1
2, 1
2, 2
2, 3
2, 4
2, 3
2, 2
2, 3
2, 4
2, 5
2, 4
1, 4
0, 4
0, 5
-1, 5
0, 5
1, 5
2, 5
1, 5
2, 5
2, 6
1, 6
0, 6
-1, 6
0, 6
0, 5
1, 5
0, 5
0, 4
-1, 4
-2, 4
-2, 3
-3, 3
-3, 2
-4, 2
-4, 1
-4, 0
-3, 0
-4, 0
-5, 0
-5, 1
-6, 1
-6, 2
-6, 1
-6, 0
-5, 0
-4, 0
-4, -1
-3, -1
-4, -1
-4, -2
-4, -3
-4, -2
-3, -2
-2, -2
-2, -3
-1, -3
-2, -3
-1, -3
-1, -4
-1, -3
-2, -3
-2, -2
-2, -3
-3, -3
-3, -4
-3, -5
-2, -5
-1, -5
0, -5
-1, -5
-1, -4
-2, -4
-1, -4
-1, -3
0, -3
1, -3
1, -2
1, -3
2, -3
2, -4
2, -5
2, -6
1, -6
1, -7
2, -7
3, -7
3, -8
2, -8
3, -8
3, -9
3, -10
3, -9
2, -9
2, -8
2, -9
1, -9
0, -9
0, -10
-1, -10
-1, -9
0, -9
0, -10
0, -11
1, -11
0, -11
1, -11
2, -11
2, -12
2, -13
1, -13
1, -12
1, -11
2, -11
3, -11
3, -10
4, -10
5, -10
4, -10
3, -10
2, -10
3, -10
4, -10
4, -11
4, -10
4, -11
4, -10
4, -11
5, -11
4, -11
5, -11
5, -10
4, -10
4, -11
4, -10
4, -9
3, -9
3, -8
3, -7
4, -7
3, -7
3, -8
3, -9
4, -9
5, -9
5, -10
5, -9
6, -9
6, -10
6, -11
6, -10
7, -10
8, -10
8, -9
8, -10
8, -9
7, -9
6, -9
5, -9
5, -8
5, -7
4, -7
5, -7
6, -7
7, -7
7, -6
7, -5
6, -5
7, -5
8, -5
8, -4
8, -3
9, -3
8, -3
8, -2
9, -2
10, -2
11, -2
12, -2
12, -3
12, -4
12, -3
13, -3
13, -4
12, -4
12, -5
11, -5
11, -4
10, -4
10, -3
11, -3
11, -4
11, -5
10, -5
10, -6
11, -6
11, -7
10, -7
9, -7
10, -7
10, -6
10, -7
10, -6
10, -5
11, -5
12, -5
12, -4
13, -4
14, -4
14, -3
15, -3
15, -4
14, -4
15, -4
15, -5
15, -4
15, -5
16, -5
17, -5
18, -5
18, -6
17, -6
18, -6
18, -5
18, -4
18, -5
18, -4
17, -4
16, -4
17, -4
16, -4
16, -5
16, -6
16, -7
15, -7
16, -7
16, -8
16, -9
17, -9
17, -10
16, -10
17, -10
17, -11
17, -10
18, -10
18, -9
19, -9
20, -9
20, -8
19, -8
20, -8
19, -8
19, -7
20, -7
21, -7
22, -7
23, -7
23, -6
22, -6
21, -6
21, -5
21, -6
22, -6
22, -5
22, -4
21, -4
21, -3
21, -2
22, -2
22, -1
21, -1
20, -1
20, -2
21, -2
22, -2
22, -3
22, -2
23, -2
23, -3
22, -3
21, -3
22, -3
22, -2
22, -3
23, -3
23, -2
23, -3
24, -3
23, -3
22, -3
21, -3
21, -4
22, -4
21, -4
20, -4
20, -3
20, -2
20, -3
21, -3
21, -2
21, -1
21, 0
22, 0
21, 0
21, 1
22, 1
23, 1
22, 1
23, 1
24, 1
24, 2
24, 3
25, 3
26, 3
25, 3
26, 3
26, 2
25, 2
24, 2
25, 2
25, 3
25, 4
25, 3
25, 4
26, 4
25, 4
26, 4
26, 5
27, 5
26, 5
25, 5
25, 6
25, 5
24, 5
24, 4
23, 4
22, 4
23, 4
23, 5
22, 5
23, 5
24, 5
24, 4
25, 4
24, 4
23, 4
24, 4
25, 4
25, 5
24, 5
25, 5
26, 5
27, 5
27, 4
27, 5
28, 5
29, 5
29, 6
29, 7
28, 7
28, 6
28, 5
28, 4
28, 5
29, 5
29, 4
30, 4
29, 4
29, 3
29, 4
29, 3
29, 2
29, 1
29, 2
29, 1
30, 1
30, 0
30, -1
31, -1
30, -1
29, -1
30, -1
29, -1
28, -1
28, -2
28, -3
27, -3
28, -3
28, -2
28, -3
27, -3
26, -3
26, -4
27, -4
28, -4
28, -5
28, -6
29, -6
28, -6
28, -5
28, -4
29, -4
28, -4
27, -4
27, -3
28, -3
27, -3
27, -2
28, -2
27, -2
27, -3
26, -3
25, -3
24, -3
24, -2
23, -2
24, -2
24, -3
23, -3
23, -2
23, -1
23, 0
24, 0
23, 0
23, 1
24, 1
23, 1
23, 2
24, 2
24, 3
25, 3
25, 4
25, 5
25, 6
26, 6
27, 6
27, 7
26, 7
26, 8
26, 9
26, 8
26, 9
26, 8
27, 8
27, 7
26, 7
25, 7
25, 6
26, 6
26, 7
26, 8
26, 7
27, 7
27, 8
28, 8
28, 7
28, 8
27, 8
26, 8
26, 9
26, 8
25, 8
26, 8
25, 8
25, 7
26, 7
26, 8
26, 9
26, 10
27, 10
28, 10
27, 10
27, 11
28, 11
27, 11
26, 11
25, 11
25, 10
24, 10
24, 11
23, 11
23, 10
22, 10
22, 11
21, 11
20, 11
19, 11
19, 10
19, 9
19, 10
18, 10
18, 11
18, 10
17, 10
18, 10
18, 9
18, 10
18, 11
17, 11
18, 11
18, 12
17, 12
16, 12
15, 12
14, 12
14, 13
14, 14
14, 13
13, 13
13, 12
12, 12
12, 11
12, 12
12, 13
11, 13
11, 12
11, 11
11, 12
11, 13
11, 14
12, 14
12, 13
11, 13
11, 12
10, 12
9, 12
9, 13
9, 12
9, 11
9, 10
9, 9
8, 9
7, 9
8, 9
8, 10
8, 11
8, 12
7, 12
6, 12
7, 12
8, 12
8, 13
8, 12
8, 11
9, 11
10, 11
10, 12
11, 12
11, 13
10, 13
10, 14
10, 15
11, 15
11, 14
10, 14
9, 14
10, 14
11, 14
12, 14
12, 13
12, 12
12, 11
11, 11
12, 11
12, 10
12, 9
12, 8
12, 9
13, 9
14, 9
14, 10
13, 10
13, 9
12, 9
13, 9
13, 8
12, 8
12, 9
12, 8
12, 7
12, 6
12, 7
11, 7
12, 7
11, 7
11, 8
10, 8
10, 9
10, 10
10, 11
9, 11
9, 12
8, 12
8, 13
8, 14
7, 14
7, 15
6, 15
6, 14
6, 15
6, 16
5, 16
5, 15
4, 15
4, 16
4, 15
5, 15
5, 14
5, 15
6, 15
6, 16
5, 16
5, 17
5, 16
4, 16
4, 15
3, 15
3, 14
2, 14
3, 14
2, 14
2, 13
2, 14
2, 15
1, 15
2, 15
2, 14
2, 13
2, 14
2, 15
2, 16
3, 16
3, 15
2, 15
1, 15
0, 15
-1, 15
-2, 15
-1, 15
-1, 14
-2, 14
-2, 15
-1, 15
-1, 14
-2, 14
-2, 15
-2, 14
-2, 13
-3, 13
-2, 13
-2, 12
-2, 13
-2, 12
-3, 12
-2, 12
-3, 12
-4, 12
-3, 12
-2, 12
-2, 11
-2, 12
-2, 13
-2, 12
-2, 13
-1, 13
0, 13
0, 12
-1, 12
-1, 13
0, 13
1, 13
1, 12
1, 13
2, 13
2, 12
3, 12
3, 13
3, 14
3, 13
3, 12
3, 13
3, 14
2, 14
2, 15
2, 14
2, 15
2, 14
3, 14
3, 15
3, 14
4, 14
5, 14
5, 15
5, 14
5, 15
5, 16
6, 16
6, 17
6, 16
6, 17
6, 18
6, 17
5, 17
6, 17
6, 16
7, 16
8, 16
8, 17
8, 18
8, 17
7, 17
6, 17
5, 17
5, 16
5, 15
6, 15
5, 15
5, 16
4, 16
4, 15
3, 15
2, 15
2, 14
2, 13
3, 13
3, 14
2, 14
3, 14
4, 14
5, 14
5, 15
5, 16
5, 15
6, 15
6, 16
6, 15
7, 15
7, 14
6, 14
6, 13
6, 14
6, 15
7, 15
8, 15
7, 15
7, 14
8, 14
8, 15
7, 15
6, 15
5, 15
5, 16
5, 17
4, 17
4, 18
4, 17
4, 16
4, 15
4, 14
4, 13
5, 13
5, 14
4, 14
4, 13
4, 14
4, 13
4, 14
4, 15
4, 16
4, 15
3, 15
2, 15
2, 16
1, 16
0, 16
0, 15
1, 15
0, 15
0, 16
-1, 16
-1, 15
-1, 14
0, 14
-1, 14
0, 14
0, 15
1, 15
1, 14
0, 14
1, 14
1, 15
0, 15
0, 16
0, 15
-1, 15
0, 15
0, 14
0, 13
0, 14
-1, 14
-1, 13
0, 13
0, 14
-1, 14
-2, 14
-2, 13
-1, 13
-1, 14
-2, 14
-2, 15
-2, 14
-1, 14
-1, 15
-1, 14
-2, 14
-2, 15
-3, 15
-3, 16
-3, 17
-3, 16
-3, 17
-2, 17
-1, 17
0, 17
1, 17
0, 17
1, 17
1, 16
0, 16
0, 17
1, 17
2, 17
2, 18
2, 17
1, 17
2, 17
2, 18
1, 18
1, 19
1, 18
2, 18
1, 18
1, 17
1, 18
0, 18
-1, 18
0, 18
0, 19
0, 18
0, 19
-1, 19
-2, 19
-2, 18
-2, 19
-3, 19
-3, 18
-3, 17
-4, 17
-4, 18
-3, 18
-3, 17
-3, 18
-2, 18
-2, 19
-3, 19
-4, 19
-4, 20
-3, 20
-3, 19
-2, 19
-2, 18
-2, 17
-3, 17
-3, 16
-4, 16
-4, 17
-3, 17
-4, 17
-5, 17
-5, 16
-4, 16
-4, 17
-3, 17
-3, 16
-2, 16
-3, 16
-3, 17
-2, 17
-2, 18
-1, 18
0, 18
-1, 18
-1, 19
-2, 19
-2, 18
-1, 18
-1, 19
-2, 19
-1, 19
-2, 19
-3, 19
-3, 18
-2, 18
-2, 17
-2, 18
-3, 18
-4, 18
-4, 19
-4, 18
-4, 19
-5, 19
-5, 18
-6, 18
-7, 18
-7, 19
-8, 19
-8, 20
-7, 20
-8, 20
-7, 20
-6, 20
-6, 21
-6, 22
-6, 23
-6, 22
-7, 22
-7, 23
-8, 23
-8, 22
-8, 23
-8, 22
-7, 22
-7, 23
-7, 22
-7, 21
-6, 21
-7, 21
-8, 21
-8, 20
-7, 20
-7, 19
-6, 19
-6, 18
-5, 18
-5, 19
-6, 19
-6, 20
-5, 20
-6, 20
-6, 19
-7, 19
-8, 19
-9, 19
-9, 18
-9, 17
-8, 17
-7, 17
-7, 18
-7, 19
-7, 18
-6, 18
-7, 18
-6, 18
-6, 19
-5, 19
-5, 18
-5, 17
-6, 17
-5, 17
-5, 18
-6, 18
-5, 18
-5, 19
-4, 19
-3, 19
-2, 19
-3, 19
-3, 20
-4, 20
-4, 21
-4, 22
-4, 23
-4, 22
-4, 21
-5, 21
-5, 20
-4, 20
-5, 20
-6, 20
-6, 21
-7, 21
-8, 21
-8, 20
-9, 20
-8, 20
-8, 19
-7, 19
-7, 18
-8, 18
-9, 18
-10, 18
-10, 19
-11, 19
-11, 18
-11, 17
-12, 17
-11, 17
-10, 17
-9, 17
-10, 17
-10, 16
-10, 17
-10, 16
-10, 17
-11, 17
-10, 17
-11, 17
-12, 17
-13, 17
-13, 18
-13, 17
-13, 18
-12, 18
-12, 19
-12, 18
-11, 18
-11, 19
-10, 19
-10, 18
-10, 17
-11, 17
-10, 17
-11, 17
-11, 18
-11, 17
-10, 17
-10, 16
-10, 15
-11, 15
-11, 14
-10, 14
-9, 14
-10, 14
-10, 13
-10, 14
-10, 13
-10, 12
-9, 12
-8, 12
-9, 12
-9, 13
-8, 13
-8, 12
-8, 13
-8, 14
-8, 13
-8, 14
-7, 14
-7, 13
-8, 13
-8, 12
-7, 12
-8, 12
-9, 12
-9, 13
-10, 13
-11, 13
-12, 13
-11, 13
-11, 14
-12, 14
-13, 14
-13, 15
-13, 16
-12, 16
-13, 16
-14, 16
-13, 16
-14, 16
-14, 17
-15, 17
-15, 16
-15, 17
-14, 17
-14, 18
-13, 18
-13, 17
-12, 17
-13, 17
-13, 18
-13, 19
-12, 19
-12, 20
-12, 19
-13, 19
-12, 19
-11, 19
-11, 18
-11, 19
-12, 19
-13, 19
-13, 18
-13, 19
-12, 19
-13, 19
-13, 20
-14, 20
-14, 19
-14, 20
-14, 21
-15, 21
-15, 20
-16, 20
-16, 19
-15, 19
-15, 18
-15, 17
-15, 16
-14, 16
-13, 16
-13, 17
-13, 18
-14, 18
-13, 18
-14, 18
-14, 19
-15, 19
-15, 20
-16, 20
-16, 19
-16, 18
-16, 17
-16, 18
-17, 18
-17, 17
-17, 16
-17, 15
-16, 15
-16, 16
-16, 17
-16, 18
-16, 17
-17, 17
-17, 16
-17, 17
-18, 17
-18, 16
-18, 17
-19, 17
-19, 16
-19, 17
-19, 16
-20, 16
-20, 15
-20, 14
-20, 15
-20, 16
-19, 16
-18, 16
-18, 15
-18, 14
-18, 13
-18, 14
-19, 14
-18, 14
-19, 14
-20, 14
-19, 14
-20, 14
-20, 13
-20, 14
-20, 13
-20, 12
-20, 11
-20, 10
-21, 10
-22, 10
-22, 11
-22, 10
-22, 11
-23, 11
-23, 12
-24, 12
-24, 13
-25, 13
-24, 13
-23, 13
-23, 12
-24, 12
-25, 12
-25, 11
-24, 11
-23, 11
-24, 11
-24, 12
-25, 12
-25, 11
-25, 10
-26, 10
-25, 10
-25, 11
-25, 10
-24, 10
-25, 10
-25, 11
-25, 10
-25, 9
-25, 8
-26, 8
-26, 9
-27, 9
-27, 10
-26, 10
-26, 11
-25, 11
-25, 12
-25, 11
-24, 11
-25, 11
-24, 11
-25, 11
-24, 11
-23, 11
-23, 12
-23, 13
-23, 14
-23, 13
-24, 13
-25, 13
-24, 13
-25, 13
-24, 13
-24, 12
-25, 12
-26, 12
-27, 12
-26, 12
-25, 12
-26, 12
-27, 12
-27, 11
-27, 12
-27, 11
-27, 10
-28, 10
-28, 9
-29, 9
-28, 9
-27, 9
-27, 8
-26, 8
-27, 8
-27, 7
-26, 7
-26, 6
-27, 6
-27, 5
-27, 6
-27, 7
-26, 7
-26, 8
-25, 8
-24, 8
-25, 8
-26, 8
-26, 9
-26, 8
-26, 9
-26, 10
-25, 10
-25, 9
-26, 9
-26, 10
-26, 9
-27, 9
-27, 8
-27, 9
-27, 10
-27, 9
-27, 10
-28, 10
-28, 9
-27, 9
-28, 9
-27, 9
-27, 8
-27, 9
-27, 8
-27, 9
-28, 9
-28, 8
-27, 8
-28, 8
-27, 8
-27, 9
-27, 10
-27, 11
-28, 11
-27, 11
-26, 11
-27, 11
-26, 11
-26, 12
-26, 11
-26, 10
-26, 9
-26, 8
-27, 8
-28, 8
-28, 9
-27, 9
-27, 8
-27, 9
-26, 9
-25, 9
-25, 10
-25, 9
-25, 10
-26, 10
-27, 10
-27, 9
-26, 9
-26, 10
-25, 10
-24, 10
-23, 10
-23, 9
-23, 10
-24, 10
-24, 9
-24, 8
-24, 9
-24, 8
-25, 8
-26, 8
-26, 9
-25, 9
-24, 9
-23, 9
-24, 9
-24, 8
-23, 8
-22, 8
-23, 8
-22, 8
-21, 8
-21, 7
-21, 6
-21, 5
-20, 5
-21, 5
-21, 6
-20, 6
-20, 5
-20, 4
-21, 4
-21, 3
-21, 4
-21, 3
-20, 3
-21, 3
-21, 4
-21, 5
-22, 5
-22, 4
-22, 3
-22, 2
-22, 1
-21, 1
-21, 0
-22, 0
-22, -1
-22, -2
-23, -2
-22, -2
-22, -3
-22, -2
-22, -3
-22, -4
-23, -4
-23, -5
-22, -5
-22, -6
-22, -7
-22, -8
-22, -7
-21, -7
-21, -6
-20, -6
-19, -6
-19, -5
-19, -4
-19, -3
-18, -3
-18, -4
-18, -3
-18, -4
-18, -3
-19, -3
-19, -4
-19, -3
-19, -2
-19, -1
-20, -1
-19, -1
-19, 0
-20, 0
-20, 1
-21, 1
-20, 1
-20, 0
-19, 0
-18, 0
-18, 1
-17, 1
-17, 0
-18, 0
-17, 0
-18, 0
-19, 0
-18, 0
-18, -1
-18, -2
-18, -3
-18, -4
-18, -3
-19, -3
-19, -2
-20, -2
-20, -1
-20, 0
-20, -1
-21, -1
-20, -1
-19, -1
-20, -1
-20, -2
-21, -2
-21, -3
-20, -3
-21, -3
-21, -2
-22, -2
-23, -2
-22, -2
-23, -2
-22, -2
-23, -2
-24, -2
-25, -2
-25, -3
-25, -2
-24, -2
-24, -1
-25, -1
-25, -2
-26, -2
-26, -1
-26, 0
-26, 1
-25, 1
-24, 1
-25, 1
-26, 1
-25, 1
-26, 1
-26, 2
-26, 1
-26, 0
-27, 0
-26, 0
-25, 0
-25, -1
-26, -1
-26, 0
-25, 0
-25, 1
-25, 2
-26, 2
-26, 1
-25, 1
-24, 1
-25, 1
-24, 1
-24, 0
-24, 1
-23, 1
-22, 1
-21, 1
-21, 2
-21, 3
-22, 3
-22, 4
-22, 3
-22, 4
-22, 5
-21, 5
-22, 5
-22, 6
-22, 5
-22, 6
-22, 7
-21, 7
-21, 8
-21, 7
-21, 8
-21, 9
-22, 9
-21, 9
-21, 8
-20, 8
-19, 8
-18, 8
-18, 9
-19, 9
-19, 8
-18, 8
-19, 8
-19, 7
-20, 7
-20, 6
-21, 6
-21, 7
-22, 7
-21, 7
-20, 7
-20, 6
-19, 6
-20, 6
-21, 6
-20, 6
-19, 6
-19, 5
-18, 5
-18, 6
-18, 7
-18, 8
-17, 8
-17, 7
-17, 8
-17, 7
-16, 7
-16, 6
-16, 5
-16, 6
-15, 6
-15, 7
-15, 8
-16, 8
-17, 8
-17, 7
-16, 7
-16, 8
-17, 8
-18, 8
-18, 9
-18, 10
-17, 10
-17, 9
-17, 8
-17, 9
-17, 8
-17, 7
-18, 7
-18, 6
-19, 6
-18, 6
-19, 6
-20, 6
-20, 5
-20, 4
-21, 4
-21, 3
-21, 4
-20, 4
-21, 4
-21, 5
-21, 4
-20, 4
-20, 3
-19, 3
-19, 2
-19, 1
-19, 0
-20, 0
-19, 0
-20, 0
-20, -1
-21, -1
-20, -1
-20, 0
-20, -1
-20, -2
-20, -1
-19, -1
-19, 0
-19, -1
-18, -1
-18, -2
-19, -2
-18, -2
-18, -3
-18, -2
-18, -3
-19, -3
-19, -2
-20, -2
-19, -2
-20, -2
-21, -2
-21, -3
-21, -2
-20, -2
-20, -3
-21, -3
-22, -3
-22, -4
-22, -3
-21, -3
-20, -3
-20, -4
-20, -5
-20, -6
-20, -5
-21, -5
-20, -5
-21, -5
-20, -5
-19, -5
-18, -5
-19, -5
-18, -5
-18, -6
-18, -7
-17, -7
-18, -7
-18, -6
-19, -6
-20, -6
-20, -7
-20, -6
-19, -6
-20, -6
-20, -5
-20, -6
-20, -5
-19, -5
-19, -6
-20, -6
-19, -6
-19, -7
-18, -7
-18, -8
-18, -9
-18, -8
-17, -8
-17, -9
-17, -10
-18, -10
-18, -11
-17, -11
-17, -10
-16, -10
-16, -11
-16, -10
-15, -10
-14, -10
-13, -10
-14, -10
-15, -10
-15, -11
-15, -12
-15, -11
-16, -11
-17, -11
-18, -11
-18, -12
-19, -12
-18, -12
-17, -12
-17, -11
-16, -11
-15, -11
-16, -11
-16, -12
-16, -13
-16, -12
-16, -11
-16, -10
-16, -11
-17, -11
-17, -10
-18, -10
-19, -10
-19, -9
-19, -10
-20, -10
-20, -9
-20, -10
-20, -9
-19, -9
-19, -10
-20, -10
-20, -9
-19, -9
-19, -10
-19, -11
-19, -12
-18, -12
-17, -12
-16, -12
-16, -11
-15, -11
-14, -11
-13, -11
-13, -12
-13, -13
-13, -12
-14, -12
-14, -11
-15, -11
-15, -10
-14, -10
-14, -9
-13, -9
-13, -8
-13, -7
-14, -7
-15, -7
-16, -7
-15, -7
-16, -7
-15, -7
-16, -7
-16, -8
-15, -8
-14, -8
-14, -7
-13, -7
-14, -7
-14, -6
-13, -6
-13, -7
-13, -6
-12, -6
-12, -7
-13, -7
-12, -7
-13, -7
-13, -6
-13, -5
-13, -4
-14, -4
-14, -3
-15, -3
-16, -3
-17, -3
-17, -4
-17, -3
-17, -2
-16, -2
-16, -1
-16, -2
-17, -2
-16, -2
-16, -1
-17, -1
-16, -1
-15, -1
-16, -1
-17, -1
-17, -2
-18, -2
-19, -2
-20, -2
-20, -1
-19, -1
-19, -2
-19, -1
-19, 0
-20, 0
-19, 0
-18, 0
-18, 1
-18, 2
-19, 2
-19, 1
-19, 0
-18, 0
-18, 1
-19, 1
-20, 1
-19, 1
-18, 1
-18, 2
-17, 2
-17, 3
-17, 2
-18, 2
-18, 1
-19, 1
-19, 2
-19, 3
-19, 4
-19, 3
-19, 2
-18, 2
-17, 2
-17, 3
-17, 4
-17, 5
-16, 5
-16, 6
-16, 7
-16, 8
-17, 8
-16, 8
-16, 9
-15, 9
-14, 9
-13, 9
-13, 10
-14, 10
-13, 10
-13, 11
-13, 10
-14, 10
-15, 10
-15, 9
-15, 10
-14, 10
-13, 10
-12, 10
-12, 11
-12, 12
-11, 12
-12, 12
-12, 11
-11, 11
-10, 11
-11, 11
-11, 12
-10, 12
-9, 12
-8, 12
-8, 13
-9, 13
-8, 13
-7, 13
-8, 13
-9, 13
-8, 13
-8, 12
-8, 13
-9, 13
-9, 14
-9, 15
-9, 16
-9, 15
-10, 15
-9, 15
-9, 14
-10, 14
-9, 14
-10, 14
-10, 13
-9, 13
-9, 14
-9, 15
-8, 15
-8, 16
-7, 16
-7, 17
-7, 18
-6, 18
-6, 17
-7, 17
-8, 17
-8, 16
-9, 16
-9, 17
-8, 17
-8, 18
-8, 19
-8, 18
-8, 17
-7, 17
-8, 17
-9, 17
-9, 16
-9, 17
-10, 17
-10, 18
-10, 17
-11, 17
-11, 16
-11, 17
-11, 18
-12, 18
-13, 18
-13, 19
-12, 19
-13, 19
-14, 19
-14, 20
-15, 20
-14, 20
-14, 19
-14, 20
-14, 19
-15, 19
-14, 19
-13, 19
-13, 18
-13, 19
-13, 18
-13, 19
-13, 20
-12, 20
-12, 19
-13, 19
-13, 20
-12, 20
-12, 19
-13, 19
-14, 19
-14, 20
-14, 19
-14, 18
-13, 18
-12, 18
-12, 19
-11, 19
-12, 19
-12, 18
-12, 19
-12, 20
-12, 19
-12, 20
-11, 20
-11, 21
-11, 20
-12, 20
-12, 21
-12, 22
-12, 21
-13, 21
-12, 21
-12, 22
-13, 22
-13, 21
-13, 20
-13, 19
-13, 18
-13, 17
-12, 17
-11, 17
-12, 17
-11, 17
-10, 17
-11, 17
-10, 17
-10, 18
-11, 18
-11, 19
-12, 19
-11, 19
-10, 19
-9, 19
-9, 20
-10, 20
-10, 21
-11, 21
-11, 22
-12, 22
-12, 21
-13, 21
-13, 22
-13, 21
-13, 20
-12, 20
-12, 21
-12, 20
-12, 19
-13, 19
-13, 20
-12, 20
-13, 20
-13, 19
-12, 19
-13, 19
-14, 19
-13, 19
-13, 18
-13, 19
-13, 20
-12, 20
-12, 21
-12, 20
-11, 20
-10, 20
-9, 20
-9, 19
-10, 19
-10, 20
-9, 20
-8, 20
-8, 19
-8, 20
-8, 19
-8, 18
-8, 19
-9, 19
-9, 20
-9, 21
-9, 22
-8, 22
-8, 23
-7, 23
-7, 22
-7, 23
-8, 23
-7, 23
-7, 24
-8, 24
-8, 23
-9, 23
-10, 23
-11, 23
-10, 23
-10, 24
-10, 25
-9, 25
-10, 25
-10, 24
-10, 25
-11, 25
-10, 25
-11, 25
-11, 24
-11, 23
-10, 23
-10, 24
-11, 24
-11, 25
-10, 25
-10, 24
-10, 25
-10, 26
-10, 25
-10, 26
-9, 26
-10, 26
-10, 27
-10, 28
-10, 29
-11, 29
-11, 28
-11, 27
-11, 26
-11, 25
-12, 25
-13, 25
-13, 24
-13, 25
-12, 25
-13, 25
-13, 24
-12, 24
-12, 23
-12, 22
-11, 22
-11, 21
-12, 21
-13, 21
-13, 22
-14, 22
-13, 22
-12, 22
-12, 21
-11, 21
-11, 22
-11, 21
-12, 21
-13, 21
-14, 21
-14, 20
-14, 21
-15, 21
-15, 22
-16, 22
-15, 22
-14, 22
-14, 23
-13, 23
-13, 24
-13, 23
-14, 23
-14, 24
-14, 23
-13, 23
-14, 23
-14, 22
-13, 22
-13, 23
-12, 23
-12, 24
-12, 23
-13, 23
-13, 24
-13, 25
-14, 25
-15, 25
-16, 25
-16, 26
-16, 27
-16, 28
-17, 28
-16, 28
-16, 27
-16, 26
-16, 27
-15, 27
-15, 26
-14, 26
-13, 26
-13, 27
-13, 26
-14, 26
-13, 26
-13, 25
-13, 26
-14, 26
-14, 27
-14, 28
-14, 27
-14, 26
-13, 26
-13, 27
-12, 27
-12, 28
-11, 28
-12, 28
-12, 27
-13, 27
-13, 26
-14, 26
-14, 25
-13, 25
-13, 26
-13, 25
-13, 24
-12, 24
-12, 23
-12, 22
-11, 22
-11, 21
-12, 21
-11, 21
-10, 21
-11, 21
-11, 20
-11, 21
-11, 22
-12, 22
-11, 22
-12, 22
-11, 22
-10, 22
-10, 21
-9, 21
-9, 20
-9, 19
-10, 19
-10, 20
-9, 20
-8, 20
-7, 20
-7, 19
-6, 19
-6, 20
-6, 21
-5, 21
-5, 22
-6, 22
-6, 21
-6, 22
-5, 22
-4, 22
-4, 23
-5, 23
-6, 23
-7, 23
-7, 22
-7, 21
-7, 20
-6, 20
-5, 20
-5, 19
-4, 19
-4, 18
-3, 18
-3, 17
-3, 18
-4, 18
-4, 19
-4, 20
-4, 21
-4, 22
-5, 22
-5, 23
-4, 23
-3, 23
-3, 24
-3, 25
-4, 25
-5, 25
-4, 25
-4, 26
-5, 26
-5, 25
-5, 24
-5, 25
-4, 25
-4, 26
-5, 26
-5, 25
-5, 26
-6, 26
-6, 25
-6, 24
-5, 24
-5, 23
-5, 24
-5, 25
-4, 25
-3, 25
-2, 25
-2, 26
-2, 27
-2, 28
-3, 28
-3, 29
-3, 30
-3, 29
-2, 29
-2, 28
-3, 28
-4, 28
-5, 28
-5, 29
-4, 29
-3, 29
-4, 29
-3, 29
-3, 28
-3, 29
-2, 29
-3, 29
-2, 29
-2, 28
-1, 28
0, 28
0, 29
0, 28
0, 27
0, 28
0, 27
0, 26
-1, 26
-1, 27
-2, 27
-2, 28
-1, 28
-1, 27
-2, 27
-3, 27
-3, 26
-3, 27
-3, 28
-2, 28
-3, 28
-3, 29
-4, 29
-4, 30
-4, 31
-3, 31
-2, 31
-2, 32
-3, 32
-2, 32
-3, 32
-3, 33
-4, 33
-4, 32
-5, 32
-4, 32
-4, 33
-3, 33
-3, 32
-3, 31
-3, 32
-4, 32
-5, 32
-5, 31
-4, 31
-4, 32
-3, 32
-3, 31
-4, 31
-4, 32
-3, 32
-3, 33
-2, 33
-3, 33
-2, 33
-2, 34
-3, 34
-2, 34
-3, 34
-3, 35
-4, 35
-4, 36
-3, 36
-3, 37
-3, 38
-4, 38
-4, 39
-3, 39
-3, 40
-4, 40
-4, 39
-3, 39
-3, 40
-2, 40
-2, 39
-2, 38
-2, 39
-2, 38
-2, 39
-2, 38
-3, 38
-3, 39
-4, 39
-5, 39
-5, 38
-6, 38
-5, 38
-4, 38
-4, 39
-5, 39
-5, 38
-5, 37
-5, 36
-5, 35
-6, 35
-7, 35
-8, 35
-8, 34
-9, 34
-9, 33
-8, 33
-7, 33
-7, 32
-7, 31
-6, 31
-6, 30
-6, 31
-6, 30
-6, 31
-5, 31
-5, 32
-4, 32
-4, 31
-3, 31
-4, 31
-4, 32
-5, 32
-6, 32
-6, 31
-6, 30
-6, 31
-6, 32
-6, 33
-6, 34
-7, 34
-7, 33
-7, 32
-7, 33
-7, 34
-8, 34
-9, 34
-9, 33
-10, 33
-11, 33
-11, 34
-11, 35
-10, 35
-9, 35
-10, 35
-10, 36
-9, 36
-9, 35
-9, 36
-9, 35
-9, 34
-8, 34
-8, 35
-9, 35
-10, 35
-11, 35
-10, 35
-9, 35
-9, 34
-9, 33
-9, 34
-8, 34
-8, 35
-9, 35
-9, 34
-10, 34
-10, 35
-9, 35
-8, 35
-7, 35
-8, 35
-8, 36
-8, 37
-9, 37
-9, 38
-9, 37
-8, 37
-8, 38
-8, 39
-8, 40
-8, 41
-8, 42
-8, 43
-7, 43
-7, 42
-6, 42
-7, 42
-7, 41
-6, 41
-5, 41
-5, 42
-5, 43
-4, 43
-5, 43
-5, 42
-5, 41
-5, 42
-5, 43
-4, 43
-4, 44
-4, 45
-5, 45
-4, 45
-3, 45
-3, 44
-3, 45
-3, 44
-3, 43
-2, 43
-3, 43
-4, 43
-4, 44
-4, 43
-3, 43
-3, 44
-3, 45
-2, 45
-2, 44
-2, 45
-1, 45
-1, 44
0, 44
0, 45
1, 45
0, 45
-1, 45
-1, 44
-1, 43
-1, 42
-1, 41
-2, 41
-3, 41
-4, 41
-5, 41
-6, 41
-5, 41
-5, 40
-4, 40
-4, 39
-3, 39
-3, 40
-2, 40
-2, 41
-3, 41
-2, 41
-3, 41
-2, 41
-1, 41
0, 41
0, 42
1, 42
2, 42
2, 43
2, 44
3, 44
4, 44
5, 44
5, 43
5, 42
5, 41
5, 40
4, 40
3, 40
4, 40
4, 41
4, 42
5, 42
5, 43
5, 42
5, 41
5, 42
4, 42
4, 41
5, 41
5, 42
6, 42
5, 42
5, 43
6, 43
6, 44
7, 44
6, 44
6, 45
6, 44
6, 43
6, 44
6, 43
6, 42
5, 42
5, 43
5, 42
6, 42
6, 41
7, 41
8, 41
8, 42
8, 43
9, 43
10, 43
9, 43
9, 42
9, 43
9, 44
9, 43
9, 44
8, 44
8, 43
9, 43
9, 42
9, 41
9, 42
10, 42
11, 42
12, 42
12, 41
13, 41
13, 42
13, 43
13, 42
13, 41
14, 41
14, 42
15, 42
16, 42
16, 43
17, 43
17, 44
16, 44
15, 44
15, 45
15, 46
16, 46
17, 46
16, 46
16, 45
16, 46
16, 47
16, 48
16, 49
15, 49
15, 50
16, 50
15, 50
15, 51
16, 51
17, 51
17, 52
17, 53
17, 54
17, 55
17, 56
17, 55
18, 55
18, 56
18, 55
18, 54
18, 55
17, 55
18, 55
18, 54
18, 53
18, 54
19, 54
19, 53
19, 52
19, 51
18, 51
17, 51
17, 52
18, 52
18, 51
19, 51
20, 51
21, 51
21, 52
20, 52
19, 52
18, 52
18, 51
18, 50
18, 49
17, 49
17, 50
17, 49
17, 48
16, 48
16, 49
16, 50
16, 51
16, 52
15, 52
14, 52
13, 52
12, 52
13, 52
14, 52
13, 52
13, 53
13, 54
13, 53
13, 54
12, 54
12, 53
12, 54
11, 54
10, 54
10, 53
10, 54
10, 55
10, 54
10, 55
9, 55
10, 55
11, 55
10, 55
11, 55
11, 56
11, 55
11, 56
12, 56
12, 57
12, 56
12, 57
12, 56
11, 56
11, 57
11, 56
11, 57
12, 57
11, 57
10, 57
10, 58
10, 59
11, 59
10, 59
11, 59
10, 59
11, 59
11, 60
12, 60
12, 59
13, 59
12, 59
13, 59
12, 59
12, 60
13, 60
13, 59
13, 60
13, 61
13, 60
14, 60
13, 60
12, 60
12, 59
12, 60
13, 60
13, 61
14, 61
15, 61
16, 61
15, 61
15, 60
15, 61
14, 61
15, 61
15, 62
15, 61
16, 61
15, 61
15, 60
16, 60
15, 60
16, 60
17, 60
17, 61
17, 60
18, 60
17, 60
16, 60
16, 61
15, 61
14, 61
14, 60
14, 61
15, 61
15, 62
15, 63
15, 64
15, 65
15, 64
15, 65
16, 65
16, 66
15, 66
14, 66
14, 67
14, 66
15, 66
15, 67
16, 67
16, 66
16, 67
16, 68
17, 68
17, 69
18, 69
18, 68
18, 69
18, 70
19, 70
20, 70
20, 69
19, 69
20, 69
19, 69
18, 69
18, 70
19, 70
19, 69
20, 69
20, 68
20, 69
21, 69
20, 69
20, 68
20, 69
20, 68
20, 69
20, 70
19, 70
19, 69
19, 70
20, 70
19, 70
19, 71
19, 72
18, 72
17, 72
16, 72
16, 71
15, 71
14, 71
14, 72
14, 73
13, 73
14, 73
14, 72
14, 71
15, 71
15, 72
16, 72
16, 71
17, 71
18, 71
19, 71
19, 70
19, 71
19, 70
19, 71
18, 71
19, 71
18, 71
18, 70
19, 70
19, 71
18, 71
18, 70
18, 69
18, 70
19, 70
19, 69
19, 68
18, 68
17, 68
16, 68
16, 67
15, 67
16, 67
16, 68
15, 68
15, 69
15, 70
16, 70
16, 69
16, 68
17, 68
17, 69
16, 69
16, 68
17, 68
17, 69
18, 69
17, 69
16, 69
17, 69
17, 68
17, 69
17, 68
17, 67
18, 67
18, 66
18, 67
18, 66
17, 66
17, 65
18, 65
19, 65
18, 65
19, 65
19, 66
19, 67
19, 66
18, 66
18, 65
18, 66
19, 66
19, 65
20, 65
19, 65
19, 64
18, 64
19, 64
19, 63
19, 64
18, 64
18, 63
18, 64
19, 64
19, 63
18, 63
19, 63
19, 64
19, 63
20, 63
20, 62
20, 63
21, 63
21, 62
21, 61
20, 61
20, 62
20, 63
21, 63
21, 62
20, 62
20, 63
20, 62
21, 62
21, 63
22, 63
22, 62
22, 61
23, 61
23, 62
23, 63
23, 64
23, 65
24, 65
24, 66
23, 66
22, 66
22, 67
22, 66
23, 66
23, 67
23, 66
23, 67
23, 66
23, 67
23, 68
24, 68
25, 68
26, 68
27, 68
27, 67
26, 67
26, 68
26, 69
25, 69
26, 69
26, 68
25, 68
26, 68
26, 67
26, 66
26, 67
25, 67
24, 67
24, 68
24, 67
24, 68
24, 67
24, 68
24, 69
24, 68
25, 68
24, 68
23, 68
23, 67
23, 66
23, 65
23, 64
24, 64
24, 63
24, 62
24, 61
25, 61
24, 61
24, 62
24, 63
24, 64
23, 64
23, 63
23, 64
24, 64
24, 65
25, 65
25, 66
26, 66
26, 67
25, 67
25, 68
24, 68
24, 67
25, 67
26, 67
27, 67
26, 67
25, 67
25, 66
24, 66
23, 66
23, 65
22, 65
23, 65
23, 66
24, 66
23, 66
24, 66
24, 67
24, 66
24, 67
24, 66
24, 67
25, 67
26, 67
27, 67
28, 67
28, 68
29, 68
29, 69
29, 68
29, 67
29, 66
29, 65
29, 64
29, 63
29, 62
28, 62
29, 62
29, 63
29, 64
28, 64
27, 64
27, 63
27, 64
28, 64
28, 63
28, 62
29, 62
29, 63
29, 64
29, 65
28, 65
29, 65
29, 66
28, 66
29, 66
29, 67
29, 66
28, 66
29, 66
29, 65
30, 65
30, 64
30, 65
30, 64
30, 65
29, 65
30, 65
30, 66
30, 65
30, 66
31, 66
30, 66
29, 66
29, 67
28, 67
27, 67
26, 67
25, 67
25, 66
25, 65
25, 64
26, 64
26, 63
25, 63
25, 64
25, 63
25, 62
24, 62
25, 62
25, 61
26, 61
27, 61
27, 62
27, 63
28, 63
29, 63
29, 62
30, 62
30, 63
30, 62
30, 61
30, 62
31, 62
32, 62
33, 62
32, 62
31, 62
30, 62
30, 63
31, 63
32, 63
31, 63
30, 63
30, 62
30, 63
30, 62
30, 61
29, 61
30, 61
30, 60
31, 60
30, 60
31, 60
31, 61
31, 60
32, 60
32, 61
32, 60
33, 60
34, 60
34, 61
34, 60
34, 59
34, 60
35, 60
35, 59
35, 58
34, 58
33, 58
32, 58
32, 59
31, 59
31, 60
31, 59
30, 59
31, 59
31, 60
32, 60
31, 60
31, 61
31, 60
30, 60
30, 59
30, 58
30, 57
30, 56
30, 55
29, 55
29, 56
30, 56
29, 56
30, 56
30, 55
31, 55
31, 56
31, 55
32, 55
31, 55
30, 55
29, 55
29, 56
29, 55
29, 56
30, 56
30, 57
30, 56
31, 56
32, 56
32, 55
31, 55
31, 56
31, 55
31, 56
31, 57
31, 58
30, 58
29, 58
29, 59
29, 60
29, 59
29, 60
29, 59
29, 58
28, 58
29, 58
28, 58
27, 58
28, 58
28, 59
28, 60
27, 60
28, 60
27, 60
27, 59
28, 59
28, 58
28, 57
29, 57
29, 56
29, 57
28, 57
27, 57
26, 57
26, 56
26, 55
27, 55
28, 55
29, 55
29, 56
29, 57
29, 56
30, 56
29, 56
29, 57
28, 57
27, 57
27, 56
27, 57
26, 57
25, 57
26, 57
26, 58
25, 58
24, 58
24, 59
23, 59
24, 59
23, 59
22, 59
22, 58
22, 57
22, 58
21, 58
20, 58
19, 58
20, 58
19, 58
18, 58
17, 58
17, 57
17, 56
18, 56
18, 55
17, 55
17, 54
18, 54
18, 55
18, 56
18, 55
19, 55
20, 55
20, 54
20, 55
19, 55
18, 55
19, 55
19, 54
18, 54
17, 54
18, 54
17, 54
16, 54
16, 53
16, 54
16, 55
17, 55
17, 56
17, 55
17, 56
17, 55
17, 56
16, 56
17, 56
16, 56
16, 57
16, 56
15, 56
14, 56
13, 56
14, 56
13, 56
12, 56
13, 56
13, 55
13, 54
12, 54
13, 54
13, 55
13, 56
12, 56
12, 57
12, 56
12, 57
11, 57
10, 57
11, 57
11, 58
12, 58
12, 57
13, 57
13, 56
12, 56
11, 56
11, 55
11, 56
12, 56
12, 57
13, 57
12, 57
13, 57
14, 57
14, 58
13, 58
14, 58
13, 58
14, 58
13, 58
12, 58
12, 59
13, 59
13, 58
12, 58
12, 57
11, 57
11, 58
10, 58
10, 59
11, 59
10, 59
9, 59
10, 59
11, 59
11, 58
11, 59
12, 59
11, 59
11, 60
11, 61
10, 61
10, 60
10, 61
10, 62
9, 62
10, 62
10, 63
10, 64
11, 64
12, 64
13, 64
13, 63
14, 63
14, 62
15, 62
15, 61
16, 61
16, 62
17, 62
17, 63
17, 62
16, 62
17, 62
17, 61
17, 62
17, 61
16, 61
16, 62
17, 62
17, 61
18, 61
18, 62
18, 63
18, 62
19, 62
19, 61
19, 60
19, 61
19, 62
19, 61
19, 62
19, 63
19, 64
19, 65
18, 65
18, 66
18, 67
17, 67
16, 67
16, 68
17, 68
18, 68
19, 68
20, 68
20, 67
20, 68
20, 67
19, 67
20, 67
20, 66
21, 66
22, 66
21, 66
21, 65
21, 64
20, 64
20, 65
20, 66
21, 66
22, 66
22, 67
22, 68
22, 69
23, 69
22, 69
22, 68
22, 67
22, 66
21, 66
22, 66
21, 66
20, 66
21, 66
20, 66
19, 66
19, 65
19, 64
20, 64
21, 64
21, 63
21, 62
20, 62
21, 62
20, 62
21, 62
21, 61
21, 62
21, 63
21, 64
21, 65
21, 64
22, 64
21, 64
20, 64
21, 64
21, 65
20, 65
20, 64
19, 64
19, 65
19, 64
19, 65
19, 64
19, 63
20, 63
21, 63
21, 62
21, 61
22, 61
22, 60
22, 59
22, 58
23, 58
23, 57
24, 57
25, 57
25, 58
25, 57
25, 56
26, 56
25, 56
25, 57
26, 57
26, 58
26, 57
25, 57
26, 57
27, 57
28, 57
27, 57
27, 58
28, 58
29, 58
28, 58
28, 57
29, 57
28, 57
28, 58
28, 57
27, 57
27, 58
27, 59
26, 59
26, 60
25, 60
24, 60
24, 59
25, 59
26, 59
26, 60
27, 60
27, 61
28, 61
27, 61
28, 61
28, 60
28, 61
27, 61
28, 61
28, 62
28, 63
28, 64
28, 65
28, 66
29, 66
29, 67
29, 68
28, 68
29, 68
29, 69
29, 68
29, 69
30, 69
31, 69
30, 69
30, 70
29, 70
30, 70
30, 71
30, 72
30, 73
30, 74
31, 74
31, 75
31, 74
32, 74
31, 74
30, 74
29, 74
28, 74
29, 74
30, 74
31, 74
31, 75
31, 76
32, 76
33, 76
32, 76
31, 76
30, 76
30, 75
31, 75
31, 74
31, 73
32, 73
33, 73
32, 73
32, 74
33, 74
33, 73
34, 73
34, 74
34, 75
35, 75
36, 75
35, 75
36, 75
36, 76
36, 75
36, 76
36, 75
36, 74
36, 75
36, 74
35, 74
36, 74
36, 73
36, 74
35, 74
34, 74
34, 73
35, 73
34, 73
34, 74
35, 74
35, 75
35, 74
34, 74
35, 74
35, 73
34, 73
35, 73
35, 74
35, 73
36, 73
36, 74
37, 74
38, 74
39, 74
39, 73
39, 74
40, 74
40, 75
41, 75
41, 74
42, 74
41, 74
41, 73
41, 74
41, 75
42, 75
41, 75
41, 74
40, 74
40, 73
40, 72
40, 71
40, 72
41, 72
41, 71
41, 72
40, 72
40, 71
41, 71
42, 71
42, 70
42, 71
41, 71
42, 71
42, 70
43, 70
43, 71
43, 70
43, 69
43, 68
43, 69
43, 68
44, 68
43, 68
42, 68
42, 69
41, 69
41, 70
40, 70
40, 69
39, 69
40, 69
40, 70
41, 70
40, 70
40, 71
40, 72
40, 73
39, 73
39, 74
39, 73
38, 73
39, 73
40, 73
39, 73
39, 72
40, 72
40, 71
40, 72
40, 71
40, 72
39, 72
39, 73
39, 74
39, 75
39, 74
38, 74
39, 74
38, 74
38, 75
38, 74
38, 73
38, 72
37, 72
37, 71
38, 71
38, 70
37, 70
37, 71
36, 71
36, 70
35, 70
35, 71
35, 70
34, 70
34, 69
34, 68
34, 69
34, 70
33, 70
32, 70
31, 70
31, 71
32, 71
32, 70
31, 70
31, 69
32, 69
31, 69
30, 69
30, 68
31, 68
32, 68
32, 69
31, 69
31, 68
31, 69
30, 69
31, 69
32, 69
32, 70
32, 69
32, 70
33, 70
33, 71
33, 70
33, 69
32, 69
31, 69
30, 69
30, 68
30, 67
30, 68
29, 68
29, 67
29, 68
29, 69
29, 70
29, 71
29, 70
29, 69
28, 69
28, 68
28, 67
28, 66
27, 66
27, 67
26, 67
26, 68
26, 69
26, 70
27, 70
26, 70
27, 70
28, 70
29, 70
29, 69
29, 68
28, 68
27, 68
28, 68
29, 68
30, 68
30, 67
30, 68
30, 67
29, 67
30, 67
29, 67
29, 66
30, 66
29, 66
28, 66
28, 65
29, 65
30, 65
31, 65
31, 64
31, 65
31, 66
30, 66
31, 66
31, 67
31, 66
32, 66
32, 67
32, 66
32, 65
31, 65
32, 65
33, 65
33, 66
32, 66
33, 66
32, 66
32, 65
32, 64
32, 65
32, 64
31, 64
30, 64
30, 63
30, 64
30, 65
30, 64
30, 65
30, 64
30, 63
29, 63
28, 63
28, 64
28, 63
27, 63
28, 63
28, 64
27, 64
27, 63
26, 63
27, 63
28, 63
27, 63
26, 63
26, 64
26, 65
25, 65
25, 64
24, 64
23, 64
22, 64
21, 64
21, 65
21, 64
22, 64
23, 64
22, 64
22, 63
22, 64
23, 64
23, 63
24, 63
23, 63
22, 63
22, 62
22, 63
21, 63
20, 63
20, 62
21, 62
21, 63
22, 63
21, 63
21, 62
20, 62
20, 61
20, 62
20, 63
20, 62
20, 61
20, 60
21, 60
22, 60
21, 60
21, 59
20, 59
19, 59
18, 59
19, 59
20, 59
19, 59
19, 58
20, 58
20, 57
21, 57
21, 56
20, 56
20, 57
21, 57
20, 57
20, 58
20, 59
19, 59
19, 58
18, 58
18, 59
18, 58
18, 57
19, 57
19, 58
19, 57
20, 57
20, 58
20, 57
19, 57
19, 58
20, 58
20, 57
20, 56
19, 56
19, 55
20, 55
21, 55
21, 54
21, 53
20, 53
20, 54
19, 54
19, 53
19, 54
19, 55
18, 55
19, 55
19, 54
18, 54
17, 54
16, 54
17, 54
16, 54
15, 54
15, 55
16, 55
15, 55
16, 55
16, 54
16, 53
16, 54
17, 54
17, 55
16, 55
15, 55
14, 55
14, 56
13, 56
14, 56
13, 56
13, 57
13, 58
13, 59
12, 59
13, 59
14, 59
14, 58
15, 58
15, 57
16, 57
15, 57
16, 57
17, 57
17, 58
17, 59
17, 60
17, 61
17, 60
17, 61
17, 62
17, 63
16, 63
16, 64
17, 64
17, 65
17, 64
16, 64
17, 64
18, 64
17, 64
17, 65
17, 64
17, 63
18, 63
19, 63
19, 62
18, 62
18, 61
18, 60
19, 60
19, 59
18, 59
17, 59
17, 58
17, 57
17, 56
16, 56
16, 57
16, 58
17, 58
18, 58
17, 58
16, 58
16, 59
15, 59
15, 58
14, 58
14, 57
15, 57
14, 57
15, 57
15, 58
16, 58
17, 58
17, 59
16, 59
16, 58
16, 57
17, 57
17, 56
18, 56
19, 56
20, 56
19, 56
19, 55
19, 54
20, 54
19, 54
18, 54
18, 55
17, 55
16, 55
16, 54
16, 55
16, 54
15, 54
14, 54
15, 54
16, 54
15, 54
15, 55
16, 55
16, 54
16, 55
17, 55
17, 56
17, 55
18, 55
17, 55
18, 55
18, 54
17, 54
18, 54
18, 53
18, 54
18, 53
18, 54
18, 55
19, 55
20, 55
19, 55
18, 55
17, 55
18, 55
18, 54
17, 54
16, 54
15, 54
14, 54
13, 54
13, 55
13, 54
13, 55
13, 56
13, 57
13, 58
14, 58
13, 58
13, 59
12, 59
11, 59
10, 59
10, 58
9, 58
10, 58
9, 58
8, 58
8, 57
9, 57
8, 57
8, 56
7, 56
7, 55
8, 55
7, 55
7, 56
6, 56
6, 55
6, 54
6, 53
7, 53
7, 54
7, 55
7, 56
8, 56
9, 56
8, 56
9, 56
9, 57
9, 56
8, 56
8, 55
7, 55
8, 55
7, 55
6, 55
6, 56
6, 57
7, 57
7, 58
7, 57
7, 56
7, 55
7, 56
8, 56
9, 56
8, 56
7, 56
7, 55
8, 55
9, 55
10, 55
10, 56
10, 55
10, 56
10, 57
10, 56
10, 55
10, 56
9, 56
9, 55
10, 55
9, 55
10, 55
11, 55
11, 56
10, 56
10, 57
11, 57
11, 58
12, 58
12, 57
11, 57
11, 56
11, 57
10, 57
11, 57
11, 56
11, 55
11, 54
11, 53
11, 52
11, 51
11, 52
11, 53
11, 54
12, 54
12, 55
11, 55
11, 54
11, 53
12, 53
12, 52
13, 52
14, 52
14, 51
14, 52
14, 53
14, 54
14, 55
15, 55
15, 56
15, 57
14, 57
14, 58
15, 58
15, 57
15, 58
15, 57
15, 58
14, 58
14, 59
13, 59
12, 59
13, 59
14, 59
14, 58
13, 58
13, 59
14, 59
15, 59
14, 59
13, 59
13, 58
13, 59
12, 59
12, 60
13, 60
13, 59
14, 59
14, 58
14, 57
14, 56
13, 56
12, 56
11, 56
10, 56
11, 56
11, 55
12, 55
12, 56
13, 56
13, 57
13, 56
12, 56
12, 55
12, 54
13, 54
14, 54
13, 54
12, 54
13, 54
13, 53
13, 54
13, 53
12, 53
12, 52
11, 52
10, 52
10, 51
10, 52
11, 52
11, 53
10, 53
9, 53
9, 52
9, 53
9, 54
9, 53
8, 53
8, 54
7, 54
6, 54
5, 54
4, 54
4, 53
5, 53
6, 53
6, 52
7, 52
7, 53
8, 53
9, 53
8, 53
8, 54
8, 53
8, 54
8, 55
9, 55
9, 54
8, 54
8, 55
9, 55
9, 54
9, 53
8, 53
8, 52
7, 52
8, 52
8, 53
8, 54
8, 55
9, 55
10, 55
10, 54
9, 54
9, 53
9, 52
8, 52
8, 53
8, 52
8, 51
8, 50
8, 49
9, 49
8, 49
8, 50
8, 51
8, 50
8, 49
8, 50
9, 50
8, 50
8, 51
9, 51
8, 51
8, 50
8, 49
8, 50
8, 49
7, 49
6, 49
6, 50
5, 50
4, 50
3, 50
3, 51
4, 51
3, 51
4, 51
4, 52
5, 52
5, 51
4, 51
5, 51
6, 51
6, 50
6, 51
6, 52
6, 53
5, 53
6, 53
6, 52
6, 51
6, 52
6, 51
7, 51
7, 52
7, 53
7, 54
6, 54
6, 53
6, 52
6, 51
5, 51
6, 51
5, 51
5, 50
6, 50
6, 51
6, 50
6, 49
6, 50
6, 49
7, 49
7, 50
7, 49
7, 48
6, 48
5, 48
5, 49
5, 50
5, 51
4, 51
3, 51
4, 51
5, 51
4, 51
4, 52
4, 53
5, 53
6, 53
5, 53
5, 52
5, 51
5, 52
6, 52
7, 52
7, 53
8, 53
8, 54
7, 54
7, 53
6, 53
7, 53
8, 53
8, 52
8, 51
8, 50
9, 50
8, 50
7, 50
7, 49
7, 48
7, 49
8, 49
8, 48
8, 49
8, 50
8, 51
9, 51
9, 52
9, 53
9, 54
8, 54
7, 54
8, 54
7, 54
7, 55
7, 56
7, 57
8, 57
9, 57
8, 57
7, 57
8, 57
7, 57
6, 57
7, 57
6, 57
5, 57
4, 57
4, 58
5, 58
6, 58
5, 58
4, 58
4, 57
4, 56
4, 55
3, 55
4, 55
3, 55
3, 54
3, 55
3, 56
2, 56
2, 57
3, 57
3, 56
2, 56
2, 57
2, 56
1, 56
1, 55
0, 55
-1, 55
-2, 55
-2, 56
-3, 56
-3, 57
-3, 56
-3, 57
-2, 57
-1, 57
-1, 58
-2, 58
-3, 58
-3, 59
-4, 59
-3, 59
-3, 58
-4, 58
-5, 58
-5, 57
-5, 56
-5, 55
-4, 55
-5, 55
-5, 54
-5, 53
-5, 54
-6, 54
-6, 55
-6, 54
-7, 54
-7, 53
-8, 53
-8, 54
-9, 54
-9, 55
-8, 55
-9, 55
-10, 55
-9, 55
-10, 55
-10, 54
-10, 55
-10, 56
-11, 56
-11, 55
-11, 56
-12, 56
-11, 56
-11, 55
-10, 55
-10, 54
-10, 55
-9, 55
-8, 55
-8, 56
-8, 55
-8, 54
-8, 53
-9, 53
-9, 54
-8, 54
-9, 54
-9, 53
-9, 54
-9, 55
-9, 56
-9, 57
-9, 56
-9, 55
-9, 54
-8, 54
-8, 55
-9, 55
-9, 56
-8, 56
-7, 56
-6, 56
-7, 56
-6, 56
-6, 55
-7, 55
-7, 54
-7, 55
-8, 55
-8, 54
-7, 54
-6, 54
-6, 55
-6, 54
-7, 54
-8, 54
-7, 54
-7, 55
-6, 55
-6, 56
-7, 56
-7, 57
-8, 57
-7, 57
-8, 57
-7, 57
-8, 57
-7, 57
-8, 57
-8, 56
-7, 56
-8, 56
-7, 56
-8, 56
-9, 56
-9, 55
-9, 56
-8, 56
-9, 56
-9, 55
-9, 54
-10, 54
-10, 53
-10, 54
-11, 54
-10, 54
-10, 53
-11, 53
-11, 52
-11, 51
-11, 50
-10, 50
-10, 51
-9, 51
-8, 51
-8, 50
-7, 50
-8, 50
-8, 49
-9, 49
-10, 49
-10, 48
-10, 49
-11, 49
-10, 49
-10, 48
-9, 48
-9, 49
-9, 48
-9, 49
-10, 49
-10, 48
-10, 47
-9, 47
-10, 47
-9, 47
-10, 47
-9, 47
-10, 47
-9, 47
-9, 46
-10, 46
-9, 46
-10, 46
-11, 46
-10, 46
-11, 46
-11, 47
-11, 48
-10, 48
-10, 47
-10, 46
-9, 46
-9, 47
-8, 47
-7, 47
-8, 47
-7, 47
-7, 46
-8, 46
-8, 47
-7, 47
-6, 47
-6, 48
-7, 48
-8, 48
-8, 49
-8, 50
-9, 50
-8, 50
-8, 51
-7, 51
-8, 51
-8, 52
-8, 53
-8, 54
-8, 55
-8, 54
-7, 54
-6, 54
-6, 53
-5, 53
-5, 52
-5, 51
-5, 52
-5, 51
-4, 51
-4, 50
-3, 50
-3, 49
-2, 49
-2, 50
-2, 49
-1, 49
0, 49
1, 49
0, 49
0, 48
0, 49
0, 50
0, 49
1, 49
1, 48
2, 48
2, 49
1, 49
1, 50
0, 50
1, 50
1, 49
0, 49
0, 48
0, 47
-1, 47
-1, 46
-2, 46
-1, 46
-1, 45
0, 45
1, 45
1, 46
0, 46
0, 45
-1, 45
-2, 45
-2, 44
-2, 45
-2, 44
-2, 45
-1, 45
-2, 45
-3, 45
-4, 45
-3, 45
-4, 45
-4, 44
-5, 44
-4, 44
-3, 44
-4, 44
-4, 43
-4, 44
-5, 44
-5, 45
-5, 44
-4, 44
-4, 43
-4, 42
-4, 41
-4, 40
-3, 40
-4, 40
-3, 40
-3, 39
-3, 40
-3, 41
-3, 42
-2, 42
-3, 42
-4, 42
-5, 42
-5, 43
-5, 44
-5, 45
-5, 44
-4, 44
-5, 44
-4, 44
-3, 44
-3, 45
-3, 46
-3, 45
-2, 45
-2, 44
-3, 44
-3, 43
-3, 42
-2, 42
-2, 43
-2, 44
-2, 43
-2, 44
-2, 43
-1, 43
-2, 43
-3, 43
-3, 44
-2, 44
-2, 45
-2, 44
-3, 44
-3, 43
-4, 43
-4, 42
-5, 42
-4, 42
-4, 41
-4, 42
-5, 42
-5, 41
-4, 41
-4, 40
-4, 41
-3, 41
-3, 42
-3, 41
-3, 40
-4, 40
-4, 39
-4, 40
-4, 39
-4, 38
-3, 38
-3, 39
-3, 38
-3, 39
-3, 38
-4, 38
-4, 39
-5, 39
-4, 39
-4, 38
-3, 38
-4, 38
-4, 39
-5, 39
-5, 40
-5, 41
-4, 41
-4, 40
-5, 40
-4, 40
-4, 41
-3, 41
-4, 41
-3, 41
-3, 40
-2, 40
-3, 40
-3, 39
-3, 40
-2, 40
-2, 41
-2, 40
-2, 41
-3, 41
-4, 41
-5, 41
-5, 42
-5, 41
-5, 40
-5, 41
-5, 42
-5, 41
-5, 40
-4, 40
-5, 40
-6, 40
-6, 41
-7, 41
-6, 41
-5, 41
-6, 41
-6, 42
-5, 42
-5, 43
-5, 44
-5, 43
-5, 42
-5, 41
-5, 42
-6, 42
-6, 41
-5, 41
-4, 41
-5, 41
-6, 41
-7, 41
-7, 40
-7, 39
-6, 39
-6, 40
-7, 40
-7, 41
-8, 41
-9, 41
-9, 40
-9, 41
-9, 42
-10, 42
-10, 41
-10, 40
-11, 40
-12, 40
-13, 40
-14, 40
-14, 39
-13, 39
-14, 39
-14, 40
-14, 39
-14, 38
-13, 38
-13, 37
-12, 37
-11, 37
-10, 37
-11, 37
-11, 38
-11, 37
-12, 37
-12, 38
-13, 38
-13, 39
-14, 39
-14, 38
-14, 37
-13, 37
-14, 37
-14, 38
-15, 38
-16, 38
-17, 38
-17, 37
-17, 38
-17, 39
-16, 39
-17, 39
-17, 40
-18, 40
-17, 40
-17, 41
-18, 41
-17, 41
-18, 41
-19, 41
-18, 41
-19, 41
-19, 42
-19, 43
-20, 43
-20, 42
-21, 42
-21, 43
-21, 44
-21, 45
-22, 45
-23, 45
-23, 46
-23, 45
-23, 44
-23, 43
-22, 43
-21, 43
-21, 44
-21, 45
-21, 44
-21, 43
-21, 42
-22, 42
-21, 42
-21, 41
-21, 40
-22, 40
-22, 39
-21, 39
-21, 40
-20, 40
-20, 41
-21, 41
-21, 42
-21, 41
-20, 41
-20, 40
-21, 40
-21, 41
-22, 41
-22, 40
-21, 40
-21, 39
-21, 40
-21, 39
-21, 38
-21, 39
-20, 39
-21, 39
-20, 39
-20, 38
-19, 38
-19, 37
-18, 37
-19, 37
-19, 36
-18, 36
-18, 37
-18, 38
-17, 38
-18, 38
-18, 39
-18, 40
-18, 41
-19, 41
-20, 41
-20, 42
-19, 42
-19, 41
-20, 41
-20, 42
-20, 43
-21, 43
-22, 43
-21, 43
-20, 43
-19, 43
-19, 44
-18, 44
-18, 45
-18, 46
-18, 45
-18, 46
-19, 46
-18, 46
-18, 45
-17, 45
-16, 45
-16, 46
-16, 45
-15, 45
-15, 44
-16, 44
-16, 43
-17, 43
-17, 44
-16, 44
-16, 43
-16, 42
-16, 41
-15, 41
-16, 41
-17, 41
-18, 41
-18, 42
-19, 42
-19, 43
-19, 42
-19, 41
-19, 42
-20, 42
-21, 42
-21, 43
-21, 42
-21, 41
-21, 42
-21, 41
-21, 40
-21, 41
-22, 41
-22, 42
-22, 43
-21, 43
-20, 43
-21, 43
-22, 43
-22, 44
-22, 45
-21, 45
-22, 45
-23, 45
-24, 45
-24, 46
-24, 45
-24, 46
-25, 46
-24, 46
-23, 46
-22, 46
-21, 46
-21, 45
-22, 45
-23, 45
-24, 45
-23, 45
-22, 45
-22, 44
-22, 43
-21, 43
-22, 43
-21, 43
-21, 44
-21, 43
-20, 43
-20, 44
-21, 44
-22, 44
-23, 44
-23, 43
-23, 44
-23, 45
-22, 45
-22, 44
-23, 44
-23, 43
-24, 43
-24, 44
-23, 44
-23, 45
-23, 46
-22, 46
-23, 46
-23, 45
-24, 45
-24, 46
-24, 45
-24, 46
-25, 46
-25, 45
-25, 46
-25, 47
-25, 46
-24, 46
-25, 46
-24, 46
-24, 45
-24, 46
-25, 46
-24, 46
-25, 46
-25, 45
-25, 46
-25, 47
-25, 48
-25, 47
-26, 47
-25, 47
-26, 47
-27, 47
-27, 48
-27, 47
-28, 47
-28, 46
-28, 47
-28, 46
-29, 46
-29, 47
-30, 47
-30, 48
-31, 48
-31, 47
-30, 47
-29, 47
-29, 46
-30, 46
-29, 46
-29, 47
-28, 47
-28, 48
-28, 49
-29, 49
-30, 49
-31, 49
-31, 48
-30, 48
-29, 48
-30, 48
-29, 48
-29, 49
-29, 50
-29, 51
-30, 51
-29, 51
-30, 51
-29, 51
-29, 50
-29, 51
-29, 52
-28, 52
-27, 52
-27, 51
-27, 50
-26, 50
-26, 49
-26, 50
-27, 50
-26, 50
-27, 50
-28, 50
-28, 51
-28, 50
-28, 49
-28, 48
-27, 48
-27, 49
-27, 48
-28, 48
-28, 47
-28, 46
-28, 45
-28, 46
-29, 46
-28, 46
-28, 47
-28, 48
-27, 48
-28, 48
-27, 48
-27, 49
-28, 49
-27, 49
-28, 49
-27, 49
-26, 49
-27, 49
-27, 50
-27, 51
-28, 51
-28, 50
-28, 49
-28, 48
-28, 47
-28, 48
-28, 49
-28, 48
-29, 48
-29, 49
-28, 49
-27, 49
-28, 49
-28, 48
-28, 49
-28, 48
-27, 48
-26, 48
-27, 48
-26, 48
-27, 48
-27, 49
-27, 48
-27, 49
-27, 50
-26, 50
-26, 51
-26, 50
-27, 50
-28, 50
-29, 50
-29, 51
-28, 51
-27, 51
-28, 51
-28, 50
-28, 49
-27, 49
-27, 48
-26, 48
-26, 49
-26, 48
-25, 48
-25, 47
-25, 46
-25, 45
-25, 46
-25, 45
-25, 44
-24, 44
-24, 43
-25, 43
-25, 44
-25, 45
-25, 44
-24, 44
-24, 43
-24, 44
-24, 43
-23, 43
-23, 42
-22, 42
-22, 41
-22, 40
-23, 40
-22, 40
-22, 39
-21, 39
-20, 39
-20, 40
-19, 40
-19, 41
-20, 41
-19, 41
-19, 42
-18, 42
-18, 41
-17, 41
-17, 40
-17, 39
-16, 39
-16, 38
-15, 38
-15, 39
-16, 39
-16, 38
-16, 37
-15, 37
-16, 37
-16, 38
-17, 38
-16, 38
-16, 37
-15, 37
-14, 37
-13, 37
-12, 37
-12, 36
-11, 36
-12, 36
-13, 36
-12, 36
-12, 35
-12, 36
-11, 36
-12, 36
-12, 35
-11, 35
-11, 36
-11, 37
-11, 36
-11, 37
-12, 37
-12, 36
-13, 36
-13, 35
-13, 36
-12, 36
-12, 35
-11, 35
-11, 36
-10, 36
-9, 36
-10, 36
-9, 36
-8, 36
-9, 36
-10, 36
-10, 35
-11, 35
-11, 36
-10, 36
-11, 36
-12, 36
-12, 35
-12, 36
-12, 35
-12, 36
-12, 37
-13, 37
-12, 37
-13, 37
-13, 36
-13, 37
-12, 37
-11, 37
-12, 37
-12, 38
-11, 38
-10, 38
-10, 39
-10, 38
-11, 38
-11, 37
-10, 37
-11, 37
-11, 36
-11, 37
-11, 38
-11, 37
-11, 36
-10, 36
-10, 35
-11, 35
-11, 36
-11, 37
-11, 36
-12, 36
-11, 36
-12, 36
-12, 37
-13, 37
-13, 38
-14, 38
-14, 37
-14, 38
-14, 39
-13, 39
-12, 39
-12, 40
-11, 40
-11, 39
-12, 39
-13, 39
-13, 40
-13, 41
-13, 40
-14, 40
-13, 40
-14, 40
-13, 40
-13, 39
-13, 40
-12, 40
-11, 40
-10, 40
-10, 41
-10, 40
-11, 40
-11, 39
-10, 39
-10, 38
-9, 38
-9, 39
-8, 39
-8, 38
-7, 38
-7, 39
-7, 38
-8, 38
-9, 38
-9, 37
-8, 37
-8, 38
-9, 38
-9, 39
-8, 39
-7, 39
-7, 38
-6, 38
-7, 38
-6, 38
-5, 38
-5, 37
-4, 37
-3, 37
-3, 36
-3, 37
-2, 37
-1, 37
-2, 37
-1, 37
-1, 36
-2, 36
-2, 35
-1, 35
0, 35
0, 34
0, 35
0, 34
1, 34
1, 33
1, 32
2, 32
2, 33
3, 33
3, 34
3, 35
4, 35
4, 36
4, 35
3, 35
3, 36
3, 35
2, 35
2, 36
2, 35
3, 35
4, 35
4, 34
3, 34
3, 35
4, 35
5, 35
5, 34
5, 33
6, 33
7, 33
7, 34
7, 33
7, 32
7, 31
7, 32
7, 33
7, 32
8, 32
8, 33
8, 34
8, 33
8, 34
9, 34
9, 35
10, 35
10, 36
9, 36
8, 36
9, 36
10, 36
9, 36
10, 36
11, 36
11, 37
11, 38
12, 38
12, 37
12, 38
12, 37
12, 36
12, 37
11, 37
11, 38
10, 38
11, 38
10, 38
11, 38
12, 38
11, 38
11, 39
11, 40
12, 40
11, 40
11, 41
11, 42
10, 42
11, 42
11, 41
11, 42
12, 42
13, 42
13, 41
14, 41
15, 41
15, 42
15, 41
16, 41
15, 41
14, 41
14, 40
15, 40
15, 39
16, 39
16, 38
17, 38
16, 38
17, 38
18, 38
17, 38
16, 38
16, 37
16, 36
16, 37
17, 37
16, 37
17, 37
16, 37
15, 37
16, 37
16, 36
15, 36
16, 36
16, 37
15, 37
16, 37
17, 37
18, 37
19, 37
18, 37
17, 37
17, 36
17, 37
18, 37
18, 36
17, 36
16, 36
17, 36
16, 36
15, 36
14, 36
14, 37
15, 37
16, 37
17, 37
18, 37
17, 37
16, 37
15, 37
15, 38
14, 38
15, 38
15, 37
14, 37
14, 36
13, 36
12, 36
12, 35
11, 35
10, 35
9, 35
9, 34
10, 34
10, 33
10, 32
10, 31
11, 31
12, 31
13, 31
12, 31
12, 32
11, 32
11, 31
11, 32
11, 33
12, 33
12, 32
12, 31
11, 31
12, 31
12, 32
12, 33
11, 33
10, 33
10, 32
11, 32
11, 33
12, 33
12, 32
13, 32
12, 32
13, 32
13, 31
12, 31
12, 30
12, 31
13, 31
13, 30
13, 29
14, 29
15, 29
14, 29
14, 30
15, 30
15, 29
16, 29
17, 29
17, 30
17, 29
16, 29
16, 28
15, 28
15, 27
16, 27
16, 26
16, 27
17, 27
16, 27
16, 28
16, 27
15, 27
15, 26
16, 26
17, 26
18, 26
18, 25
18, 24
19, 24
19, 23
19, 24
18, 24
18, 23
18, 22
18, 21
18, 20
18, 21
18, 20
18, 19
17, 19
17, 20
18, 20
19, 20
20, 20
20, 19
21, 19
21, 18
20, 18
21, 18
22, 18
22, 17
22, 16
22, 17
22, 18
22, 17
22, 18
22, 19
22, 18
21, 18
21, 17
21, 18
21, 17
22, 17
21, 17
21, 18
21, 17
20, 17
19, 17
19, 18
20, 18
20, 19
21, 19
20, 19
20, 20
21, 20
22, 20
22, 21
22, 20
22, 21
22, 22
23, 22
22, 22
21, 22
21, 23
22, 23
21, 23
22, 23
22, 24
23, 24
23, 25
22, 25
22, 26
21, 26
20, 26
20, 25
21, 25
22, 25
23, 25
22, 25
22, 26
21, 26
21, 25
21, 24
21, 25
20, 25
20, 24
20, 25
20, 24
20, 23
21, 23
20, 23
20, 22
20, 23
20, 24
19, 24
19, 25
19, 24
18, 24
19, 24
19, 23
19, 22
19, 23
18, 23
17, 23
17, 22
16, 22
15, 22
16, 22
15, 22
15, 23
15, 24
15, 25
14, 25
13, 25
14, 25
14, 26
13, 26
13, 25
12, 25
13, 25
13, 24
13, 25
13, 24
12, 24
13, 24
14, 24
14, 23
15, 23
14, 23
15, 23
15, 22
14, 22
14, 23
13, 23
13, 24
12, 24
12, 25
12, 24
11, 24
11, 23
10, 23
11, 23
11, 24
11, 25
10, 25
10, 26
11, 26
11, 27
10, 27
9, 27
9, 28
8, 28
8, 27
7, 27
7, 28
7, 27
6, 27
6, 28
6, 27
6, 26
6, 27
6, 26
7, 26
8, 26
9, 26
9, 27
8, 27
8, 28
7, 28
7, 27
6, 27
6, 28
6, 27
6, 26
7, 26
8, 26
8, 27
9, 27
9, 26
9, 25
8, 25
7, 25
8, 25
9, 25
9, 24
9, 23
9, 22
10, 22
9, 22
9, 21
9, 20
9, 19
9, 20
9, 19
9, 18
9, 19
8, 19
9, 19
10, 19
10, 20
10, 19
9, 19
10, 19
10, 20
9, 20
10, 20
10, 19
10, 18
11, 18
11, 19
11, 20
10, 20
10, 19
10, 18
9, 18
9, 19
9, 20
8, 20
8, 19
8, 18
9, 18
9, 19
9, 20
9, 21
9, 22
8, 22
9, 22
9, 21
8, 21
9, 21
9, 22
8, 22
7, 22
7, 23
7, 22
7, 23
7, 22
7, 23
6, 23
6, 22
7, 22
8, 22
7, 22
8, 22
8, 21
8, 22
8, 23
7, 23
7, 22
6, 22
7, 22
7, 21
8, 21
8, 22
7, 22
7, 23
7, 22
6, 22
5, 22
6, 22
5, 22
5, 21
4, 21
4, 20
4, 21
3, 21
2, 21
1, 21
1, 20
1, 19
2, 19
3, 19
3, 18
2, 18
3, 18
3, 19
4, 19
4, 20
4, 19
4, 18
5, 18
5, 17
5, 16
6, 16
5, 16
6, 16
6, 17
7, 17
7, 18
7, 17
8, 17
8, 16
8, 15
8, 16
8, 17
7, 17
7, 16
8, 16
8, 17
8, 18
8, 17
8, 18
8, 19
8, 20
9, 20
9, 21
10, 21
11, 21
10, 21
10, 20
10, 19
9, 19
9, 20
9, 21
8, 21
8, 20
8, 19
8, 18
8, 17
7, 17
7, 18
7, 17
8, 17
7, 17
6, 17
6, 16
6, 17
7, 17
7, 16
8, 16
8, 15
8, 16
8, 15
7, 15
8, 15
8, 14
9, 14
10, 14
10, 13
9, 13
9, 12
9, 13
9, 14
8, 14
7, 14
7, 13
8, 13
9, 13
9, 14
9, 13
8, 13
9, 13
9, 14
8, 14
8, 15
9, 15
10, 15
11, 15
12, 15
12, 14
11, 14
11, 13
10, 13
11, 13
10, 13
9, 13
9, 12
8, 12
7, 12
7, 13
7, 14
8, 14
9, 14
10, 14
9, 14
8, 14
8, 13
7, 13
6, 13
5, 13
6, 13
6, 14
5, 14
5, 13
6, 13
6, 12
6, 11
7, 11
8, 11
8, 10
9, 10
8, 10
8, 9
7, 9
6, 9
7, 9
7, 8
8, 8
7, 8
8, 8
8, 9
8, 8
7, 8
7, 9
7, 8
7, 9
8, 9
8, 10
9, 10
8, 10
8, 9
9, 9
10, 9
11, 9
11, 8
12, 8
13, 8
13, 9
14, 9
15, 9
15, 10
16, 10
15, 10
14, 10
14, 11
14, 12
13, 12
12, 12
12, 13
12, 14
11, 14
12, 14
11, 14
11, 15
11, 16
12, 16
11, 16
11, 17
11, 18
10, 18
11, 18
10, 18
9, 18
10, 18
9, 18
8, 18
9, 18
8, 18
8, 17
9, 17
8, 17
7, 17
6, 17
6, 18
6, 19
6, 18
7, 18
7, 17
8, 17
8, 18
7, 18
6, 18
6, 19
6, 20
7, 20
6, 20
6, 21
5, 21
5, 20
6, 20
6, 21
6, 20
5, 20
5, 19
5, 18
5, 17
6, 17
6, 16
7, 16
8, 16
9, 16
9, 17
8, 17
7, 17
8, 17
9, 17
10, 17
9, 17
9, 16
10, 16
10, 15
9, 15
8, 15
8, 16
8, 15
7, 15
7, 14
7, 15
7, 16
7, 17
7, 18
8, 18
8, 19
9, 19
10, 19
9, 19
9, 18
10, 18
9, 18
9, 17
10, 17
9, 17
8, 17
8, 18
8, 19
8, 20
8, 21
8, 22
8, 21
7, 21
7, 22
7, 23
7, 24
7, 23
8, 23
8, 24
7, 24
7, 23
8, 23
8, 22
8, 23
8, 24
9, 24
10, 24
10, 25
11, 25
10, 25
9, 25
10, 25
10, 26
9, 26
8, 26
8, 25
8, 26
8, 25
7, 25
8, 25
7, 25
7, 24
7, 23
7, 24
6, 24
6, 25
5, 25
4, 25
4, 26
4, 25
4, 26
4, 27
4, 26
3, 26
4, 26
3, 26
2, 26
3, 26
4, 26
3, 26
2, 26
1, 26
1, 27
2, 27
2, 28
2, 27
2, 26
1, 26
1, 27
0, 27
-1, 27
-1, 26
0, 26
-1, 26
-2, 26
-2, 27
-2, 26
-2, 27
-2, 26
-3, 26
-4, 26
-5, 26
-5, 25
-4, 25
-4, 26
-4, 25
-4, 26
-3, 26
-3, 25
-3, 26
-4, 26
-5, 26
-5, 25
-5, 24
-6, 24
-6, 25
-6, 26
-5, 26
-5, 25
-4, 25
-5, 25
-4, 25
-4, 24
-4, 25
-5, 25
-6, 25
-5, 25
-4, 25
-4, 24
-4, 23
-4, 24
-5, 24
-4, 24
-5, 24
-6, 24
-6, 25
-7, 25
-7, 24
-7, 25
-6, 25
-7, 25
-6, 25
-7, 25
-8, 25
-8, 24
-8, 25
-8, 24
-8, 25
-8, 24
-8, 25
-8, 26
-7, 26
-7, 27
-7, 28
-7, 29
-6, 29
-6, 28
-6, 29
-5, 29
-5, 30
-6, 30
-6, 31
-6, 30
-7, 30
-6, 30
-7, 30
-6, 30
-7, 30
-6, 30
-6, 31
-7, 31
-7, 32
-7, 33
-7, 32
-7, 31
-7, 32
-8, 32
-8, 33
-7, 33
-6, 33
-5, 33
-5, 34
-6, 34
-6, 35
-5, 35
-5, 34
-5, 35
-5, 34
-5, 35
-5, 34
-5, 35
-5, 34
-6, 34
-7, 34
-8, 34
-9, 34
-9, 35
-10, 35
-10, 36
-10, 35
-10, 34
-9, 34
-10, 34
-10, 35
-10, 34
-9, 34
-8, 34
-7, 34
-7, 35
-6, 35
-7, 35
-7, 36
-7, 37
-7, 38
-6, 38
-6, 37
-7, 37
-7, 36
-7, 37
-7, 36
-7, 37
-6, 37
-6, 36
-6, 35
-6, 36
-5, 36
-6, 36
-5, 36
-6, 36
-6, 35
-6, 34
-5, 34
-5, 33
-4, 33
-4, 34
-4, 35
-3, 35
-3, 36
-3, 35
-3, 36
-3, 37
-2, 37
-1, 37
-2, 37
-2, 38
-3, 38
-2, 38
-2, 37
-1, 37
-1, 38
-1, 37
-1, 38
-1, 37
-1, 38
-2, 38
-3, 38
-3, 39
-3, 40
-4, 40
-4, 39
-4, 40
-5, 40
-5, 39
-6, 39
-7, 39
-7, 40
-6, 40
-6, 41
-5, 41
-5, 40
-4, 40
-4, 39
-4, 38
-5, 38
-4, 38
-5, 38
-5, 39
-4, 39
-3, 39
-3, 40
-3, 41
-3, 40
-2, 40
-3, 40
-4, 40
-5, 40
-5, 41
-5, 40
-4, 40
-3, 40
-3, 41
-3, 42
-4, 42
-4, 43
-4, 42
-4, 43
-3, 43
-3, 42
-2, 42
-1, 42
-1, 43
-2, 43
-2, 42
-3, 42
-3, 43
-3, 42
-3, 43
-2, 43
-2, 42
-2, 41
-2, 42
-2, 43
-2, 44
-2, 45
-2, 44
-1, 44
-1, 43
-1, 44
-1, 43
-1, 42
-1, 43
-1, 44
-2, 44
-2, 43
-1, 43
-2, 43
-3, 43
-2, 43
-1, 43
-1, 44
0, 44
0, 43
0, 42
1, 42
2, 42
1, 42
1, 41
1, 40
0, 40
0, 39
0, 40
0, 39
-1, 39
0, 39
-1, 39
0, 39
1, 39
2, 39
2, 40
3, 40
4, 40
5, 40
5, 41
4, 41
4, 40
4, 41
4, 42
3, 42
3, 43
3, 42
3, 41
3, 42
3, 43
3, 44
3, 45
3, 46
3, 45
3, 46
2, 46
3, 46
2, 46
2, 45
2, 44
2, 45
3, 45
4, 45
4, 46
5, 46
6, 46
5, 46
6, 46
7, 46
6, 46
6, 47
6, 48
5, 48
6, 48
7, 48
7, 49
7, 50
7, 49
6, 49
5, 49
4, 49
4, 48
4, 47
5, 47
5, 48
4, 48
3, 48
3, 49
3, 50
2, 50
1, 50
2, 50
1, 50
0, 50
0, 49
-1, 49
-2, 49
-1, 49
-1, 50
-1, 51
-2, 51
-1, 51
0, 51
0, 52
-1, 52
0, 52
1, 52
1, 51
2, 51
1, 51
2, 51
1, 51
2, 51
3, 51
2, 51
2, 52
1, 52
1, 51
2, 51
3, 51
4, 51
3, 51
4, 51
3, 51
3, 52
3, 51
3, 52
4, 52
4, 51
5, 51
5, 52
4, 52
3, 52
3, 53
3, 52
3, 53
3, 54
4, 54
3, 54
3, 55
2, 55
2, 56
3, 56
3, 57
3, 58
2, 58
3, 58
3, 57
4, 57
3, 57
3, 56
4, 56
4, 57
5, 57
4, 57
3, 57
3, 56
4, 56
3, 56
3, 55
4, 55
4, 54
5, 54
4, 54
3, 54
3, 53
3, 52
3, 51
3, 50
2, 50
2, 51
1, 51
1, 50
1, 51
1, 50
0, 50
0, 49
0, 48
1, 48
2, 48
3, 48
4, 48
5, 48
5, 47
6, 47
6, 48
7, 48
7, 47
7, 48
6, 48
6, 49
6, 50
7, 50
7, 51
8, 51
7, 51
7, 52
7, 51
8, 51
7, 51
8, 51
8, 52
8, 53
8, 52
9, 52
8, 52
9, 52
10, 52
9, 52
8, 52
9, 52
8, 52
7, 52
8, 52
9, 52
8, 52
8, 53
9, 53
10, 53
11, 53
10, 53
10, 52
10, 51
9, 51
8, 51
8, 50
8, 51
8, 50
8, 51
8, 50
7, 50
7, 49
6, 49
6, 48
6, 49
6, 50
5, 50
5, 49
5, 50
5, 51
6, 51
6, 52
6, 51
5, 51
5, 52
6, 52
6, 53
5, 53
6, 53
6, 54
5, 54
5, 55
4, 55
5, 55
5, 54
5, 53
5, 52
5, 53
5, 54
5, 55
4, 55
4, 54
3, 54
3, 55
3, 54
3, 53
4, 53
5, 53
5, 54
5, 55
5, 56
5, 57
6, 57
5, 57
5, 56
5, 55
4, 55
3, 55
4, 55
4, 56
5, 56
4, 56
5, 56
4, 56
4, 57
4, 56
5, 56
4, 56
3, 56
3, 55
3, 54
3, 55
3, 56
4, 56
3, 56
2, 56
3, 56
2, 56
1, 56
1, 57
2, 57
2, 56
1, 56
2, 56
1, 56
2, 56
2, 55
2, 56
2, 57
2, 56
3, 56
3, 57
2, 57
3, 57
3, 56
3, 55
4, 55
5, 55
6, 55
5, 55
5, 54
6, 54
7, 54
6, 54
7, 54
6, 54
6, 53
7, 53
7, 54
8, 54
8, 53
8, 54
9, 54
10, 54
10, 53
9, 53
10, 53
10, 54
10, 53
10, 54
10, 55
11, 55
12, 55
12, 54
13, 54
14, 54
14, 55
15, 55
16, 55
16, 56
16, 57
16, 56
16, 57
16, 58
17, 58
17, 57
17, 56
17, 55
17, 54
16, 54
17, 54
17, 55
18, 55
19, 55
19, 56
19, 55
18, 55
18, 54
17, 54
18, 54
17, 54
17, 53
18, 53
18, 54
18, 55
17, 55
17, 56
18, 56
17, 56
17, 57
17, 56
17, 55
16, 55
15, 55
14, 55
13, 55
14, 55
15, 55
14, 55
15, 55
15, 56
14, 56
14, 57
14, 58
13, 58
12, 58
11, 58
11, 59
12, 59
12, 60
12, 61
11, 61
11, 62
11, 61
11, 60
12, 60
13, 60
12, 60
11, 60
10, 60
10, 59
11, 59
10, 59
11, 59
10, 59
10, 60
10, 61
10, 62
10, 61
10, 60
10, 61
9, 61
10, 61
11, 61
11, 60
10, 60
9, 60
10, 60
10, 59
9, 59
9, 60
8, 60
8, 59
9, 59
10, 59
10, 60
9, 60
10, 60
11, 60
11, 61
11, 62
11, 61
11, 62
11, 61
12, 61
12, 60
11, 60
11, 61
10, 61
11, 61
10, 61
10, 60
9, 60
8, 60
9, 60
10, 60
10, 61
9, 61
10, 61
9, 61
9, 60
9, 59
9, 60
9, 61
9, 60
9, 59
10, 59
11, 59
11, 58
12, 58
12, 59
11, 59
12, 59
13, 59
14, 59
15, 59
16, 59
16, 60
16, 61
15, 61
15, 62
15, 61
14, 61
15, 61
16, 61
15, 61
16, 61
16, 62
16, 63
15, 63
15, 62
14, 62
15, 62
14, 62
14, 61
14, 60
15, 60
16, 60
17, 60
18, 60
19, 60
19, 61
18, 61
19, 61
19, 60
19, 61
20, 61
20, 60
21, 60
21, 61
22, 61
22, 62
21, 62
20, 62
20, 63
19, 63
19, 64
19, 63
19, 62
18, 62
19, 62
19, 63
19, 64
20, 64
21, 64
21, 65
21, 64
22, 64
22, 65
22, 64
23, 64
23, 65
23, 66
23, 67
23, 66
22, 66
23, 66
23, 65
24, 65
25, 65
25, 66
26, 66
26, 67
26, 66
26, 67
25, 67
24, 67
25, 67
26, 67
27, 67
26, 67
27, 67
27, 66
28, 66
29, 66
29, 65
29, 66
29, 65
29, 64
30, 64
30, 63
31, 63
31, 64
30, 64
30, 65
29, 65
29, 66
29, 67
28, 67
28, 68
28, 69
28, 68
28, 69
29, 69
29, 70
30, 70
29, 70
29, 69
28, 69
27, 69
28, 69
28, 70
27, 70
27, 69
27, 70
26, 70
26, 71
27, 71
26, 71
25, 71
26, 71
27, 71
26, 71
26, 70
25, 70
25, 69
26, 69
26, 68
25, 68
24, 68
23, 68
23, 67
24, 67
24, 66
25, 66
25, 65
26, 65
25, 65
25, 66
24, 66
24, 65
24, 66
24, 65
25, 65
24, 65
24, 66
24, 67
24, 66
24, 67
24, 66
23, 66
23, 65
23, 64
23, 65
23, 66
24, 66
24, 67
24, 68
24, 67
24, 66
25, 66
26, 66
26, 65
27, 65
27, 64
27, 63
27, 62
27, 61
28, 61
28, 62
29, 62
29, 61
30, 61
31, 61
32, 61
32, 62
32, 63
32, 64
31, 64
32, 64
31, 64
31, 65
31, 64
32, 64
31, 64
30, 64
31, 64
31, 63
32, 63
32, 62
32, 63
33, 63
33, 62
32, 62
33, 62
33, 63
34, 63
35, 63
35, 64
34, 64
34, 65
34, 66
35, 66
35, 67
35, 68
36, 68
37, 68
38, 68
38, 69
38, 70
37, 70
37, 69
38, 69
39, 69
39, 68
38, 68
38, 69
38, 68
39, 68
39, 69
39, 70
39, 69
39, 70
38, 70
39, 70
39, 71
40, 71
39, 71
39, 72
39, 73
39, 74
40, 74
41, 74
41, 75
41, 74
41, 73
41, 72
41, 71
41, 70
40, 70
39, 70
40, 70
39, 70
39, 71
38, 71
39, 71
39, 70
39, 69
40, 69
41, 69
40, 69
40, 70
40, 69
40, 68
41, 68
41, 67
40, 67
41, 67
42, 67
43, 67
43, 68
43, 69
44, 69
44, 70
43, 70
43, 69
42, 69
43, 69
43, 68
42, 68
41, 68
42, 68
41, 68
41, 69
41, 70
41, 71
41, 70
41, 71
40, 71
40, 70
40, 71
40, 72
39, 72
38, 72
37, 72
36, 72
37, 72
37, 71
36, 71
35, 71
35, 70
35, 69
35, 68
35, 67
35, 68
36, 68
36, 67
36, 66
37, 66
37, 67
38, 67
38, 68
38, 69
38, 70
39, 70
38, 70
39, 70
39, 69
39, 68
39, 69
39, 70
38, 70
39, 70
40, 70
40, 71
40, 72
39, 72
39, 73
38, 73
38, 72
38, 71
39, 71
39, 72
39, 71
39, 70
40, 70
40, 69
40, 70
41, 70
42, 70
43, 70
44, 70
44, 71
44, 70
44, 71
44, 72
45, 72
45, 71
45, 72
45, 71
44, 71
45, 71
46, 71
45, 71
46, 71
46, 72
46, 71
46, 72
47, 72
48, 72
47, 72
48, 72
49, 72
49, 71
49, 70
50, 70
51, 70
51, 71
51, 72
52, 72
52, 73
52, 72
53, 72
54, 72
54, 73
54, 72
54, 71
54, 72
54, 73
53, 73
52, 73
52, 72
51, 72
50, 72
51, 72
51, 73
51, 72
52, 72
53, 72
53, 71
54, 71
53, 71
53, 70
52, 70
53, 70
53, 71
52, 71
53, 71
52, 71
52, 70
53, 70
53, 69
53, 70
52, 70
53, 70
54, 70
55, 70
55, 69
55, 70
55, 71
56, 71
56, 70
55, 70
54, 70
55, 70
54, 70
54, 69
54, 68
53, 68
53, 67
53, 66
53, 67
54, 67
54, 68
54, 67
53, 67
52, 67
53, 67
52, 67
52, 68
52, 67
52, 68
51, 68
51, 69
51, 68
50, 68
50, 69
50, 68
51, 68
50, 68
49, 68
50, 68
51, 68
51, 69
51, 70
50, 70
50, 69
49, 69
50, 69
49, 69
48, 69
48, 68
48, 67
47, 67
47, 68
47, 69
47, 70
47, 69
47, 70
48, 70
47, 70
46, 70
46, 71
46, 72
46, 71
45, 71
46, 71
46, 72
47, 72
48, 72
48, 71
47, 71
46, 71
46, 70
46, 69
46, 68
47, 68
47, 69
48, 69
47, 69
47, 68
46, 68
47, 68
47, 69
47, 68
47, 69
48, 69
47, 69
46, 69
46, 70
45, 70
45, 71
46, 71
46, 70
45, 70
45, 69
46, 69
45, 69
44, 69
45, 69
44, 69
45, 69
44, 69
44, 70
45, 70
46, 70
45, 70
46, 70
46, 69
46, 70
45, 70
45, 71
45, 70
45, 71
44, 71
44, 72
45, 72
44, 72
45, 72
45, 73
46, 73
45, 73
46, 73
47, 73
46, 73
45, 73
45, 72
44, 72
44, 73
43, 73
43, 74
44, 74
43, 74
43, 73
43, 74
42, 74
43, 74
44, 74
44, 75
44, 74
44, 75
44, 74
43, 74
42, 74
41, 74
41, 75
42, 75
42, 76
43, 76
44, 76
45, 76
46, 76
45, 76
46, 76
47, 76
47, 77
47, 78
47, 77
48, 77
49, 77
50, 77
50, 78
51, 78
51, 79
50, 79
50, 78
50, 77
49, 77
49, 76
48, 76
49, 76
48, 76
47, 76
47, 77
47, 78
47, 79
48, 79
48, 80
49, 80
50, 80
50, 81
51, 81
52, 81
53, 81
52, 81
53, 81
53, 82
53, 81
54, 81
54, 82
54, 81
55, 81
56, 81
57, 81
57, 82
57, 83
57, 82
57, 83
57, 82
57, 83
57, 82
58, 82
58, 81
59, 81
59, 82
58, 82
58, 81
58, 82
59, 82
59, 81
59, 80
59, 81
60, 81
60, 80
60, 81
59, 81
60, 81
59, 81
60, 81
61, 81
61, 80
61, 79
62, 79
63, 79
63, 78
63, 77
63, 78
63, 79
62, 79
61, 79
62, 79
63, 79
62, 79
62, 78
61, 78
61, 77
60, 77
61, 77
61, 78
60, 78
60, 77
59, 77
59, 76
59, 75
60, 75
60, 76
61, 76
62, 76
62, 75
63, 75
64, 75
64, 76
65, 76
64, 76
64, 77
64, 76
65, 76
66, 76
66, 77
65, 77
65, 78
65, 79
64, 79
64, 78
64, 79
64, 80
64, 79
64, 78
64, 79
63, 79
64, 79
64, 80
64, 81
64, 80
63, 80
63, 81
62, 81
62, 82
62, 81
63, 81
63, 82
63, 81
63, 80
63, 81
64, 81
63, 81
63, 82
64, 82
64, 83
65, 83
64, 83
65, 83
65, 84
65, 83
65, 82
66, 82
65, 82
65, 83
65, 82
66, 82
66, 81
66, 80
66, 81
65, 81
65, 80
65, 79
66, 79
67, 79
66, 79
66, 78
65, 78
66, 78
66, 79
67, 79
67, 80
67, 79
66, 79
67, 79
67, 78
67, 77
68, 77
67, 77
67, 76
67, 75
68, 75
68, 74
68, 73
67, 73
66, 73
66, 72
65, 72
64, 72
64, 73
64, 72
64, 73
63, 73
63, 72
63, 73
63, 74
64, 74
63, 74
63, 73
64, 73
65, 73
65, 72
65, 71
65, 70
66, 70
66, 69
66, 70
67, 70
68, 70
68, 69
68, 68
68, 67
68, 66
68, 67
68, 68
67, 68
68, 68
67, 68
67, 69
66, 69
67, 69
67, 70
67, 69
66, 69
65, 69
65, 70
65, 69
64, 69
64, 68
64, 69
64, 70
64, 69
63, 69
62, 69
62, 70
62, 71
63, 71
62, 71
62, 72
63, 72
64, 72
63, 72
63, 71
64, 71
65, 71
65, 72
64, 72
65, 72
65, 71
65, 70
64, 70
64, 69
63, 69
64, 69
63, 69
63, 70
63, 71
64, 71
65, 71
65, 72
65, 71
65, 72
64, 72
65, 72
65, 71
66, 71
66, 72
66, 71
65, 71
66, 71
67, 71
66, 71
66, 72
66, 71
65, 71
65, 72
64, 72
64, 73
64, 74
63, 74
63, 75
63, 74
64, 74
64, 73
64, 72
63, 72
63, 73
63, 74
63, 75
63, 76
64, 76
63, 76
64, 76
63, 76
62, 76
62, 75
61, 75
62, 75
62, 76
62, 77
63, 77
63, 78
64, 78
64, 79
64, 80
63, 80
64, 80
64, 79
65, 79
65, 80
66, 80
66, 81
65, 81
64, 81
63, 81
62, 81
62, 82
62, 81
62, 80
63, 80
62, 80
62, 79
61, 79
60, 79
61, 79
61, 78
62, 78
62, 79
62, 78
62, 77
63, 77
63, 76
62, 76
63, 76
63, 77
63, 76
63, 77
63, 78
63, 77
63, 78
62, 78
62, 77
63, 77
63, 78
64, 78
63, 78
63, 77
63, 76
62, 76
62, 77
62, 76
62, 77
61, 77
60, 77
61, 77
61, 78
62, 78
63, 78
64, 78
64, 77
64, 76
65, 76
65, 77
64, 77
63, 77
64, 77
65, 77
65, 76
65, 75
65, 74
64, 74
65, 74
65, 73
64, 73
64, 74
64, 73
64, 74
64, 75
64, 76
64, 75
65, 75
65, 76
65, 77
65, 78
65, 77
65, 78
66, 78
66, 77
66, 78
67, 78
67, 79
67, 80
68, 80
69, 80
69, 79
68, 79
67, 79
67, 78
68, 78
69, 78
69, 77
68, 77
69, 77
69, 78
69, 79
69, 80
68, 80
67, 80
68, 80
69, 80
70, 80
69, 80
69, 81
69, 82
69, 81
68, 81
69, 81
69, 80
70, 80
70, 79
70, 78
70, 79
69, 79
69, 78
69, 79
70, 79
69, 79
69, 78
69, 77
68, 77
68, 76
68, 77
68, 76
68, 75
69, 75
68, 75
68, 76
68, 77
68, 78
68, 79
68, 80
68, 79
68, 78
69, 78
68, 78
68, 79
67, 79
67, 80
66, 80
65, 80
64, 80
65, 80
65, 79
65, 80
66, 80
65, 80
65, 81
64, 81
63, 81
62, 81
62, 82
63, 82
64, 82
63, 82
64, 82
65, 82
65, 81
65, 82
65, 83
64, 83
65, 83
66, 83
67, 83
68, 83
69, 83
69, 84
69, 85
68, 85
69, 85
70, 85
70, 86
69, 86
70, 86
69, 86
69, 85
70, 85
70, 84
69, 84
68, 84
69, 84
69, 85
70, 85
71, 85
71, 86
70, 86
71, 86
71, 85
72, 85
72, 86
71, 86
71, 87
71, 86
71, 87
71, 88
71, 87
71, 88
72, 88
71, 88
72, 88
73, 88
72, 88
72, 89
71, 89
71, 90
72, 90
73, 90
73, 91
73, 90
72, 90
73, 90
73, 89
74, 89
75, 89
75, 88
75, 89
74, 89
75, 89
74, 89
74, 90
74, 91
74, 90
75, 90
74, 90
73, 90
73, 91
74, 91
74, 90
74, 89
74, 90
74, 89
74, 88
74, 87
74, 88
73, 88
72, 88
72, 89
71, 89
72, 89
71, 89
71, 88
72, 88
73, 88
73, 87
74, 87
74, 86
73, 86
72, 86
72, 85
72, 84
72, 83
72, 84
72, 85
72, 84
72, 83
72, 82
72, 83
73, 83
73, 84
72, 84
72, 85
72, 86
73, 86
72, 86
73, 86
72, 86
72, 85
72, 86
72, 85
72, 84
72, 83
72, 84
72, 83
72, 82
71, 82
71, 81
71, 82
71, 83
72, 83
72, 84
71, 84
72, 84
73, 84
73, 83
73, 82
73, 81
73, 82
72, 82
72, 81
71, 81
71, 82
70, 82
70, 81
70, 80
70, 79
70, 78
71, 78
71, 79
70, 79
70, 78
69, 78
70, 78
69, 78
70, 78
70, 77
70, 78
70, 77
69, 77
68, 77
68, 76
68, 75
68, 76
68, 75
68, 74
68, 75
68, 74
68, 73
69, 73
70, 73
70, 74
69, 74
69, 73
70, 73
71, 73
71, 74
71, 73
71, 72
71, 73
70, 73
71, 73
71, 74
71, 75
72, 75
72, 74
72, 75
72, 74
72, 75
71, 75
70, 75
70, 74
71, 74
72, 74
71, 74
72, 74
73, 74
73, 73
73, 72
73, 71
74, 71
74, 70
73, 70
72, 70
72, 71
71, 71
71, 72
72, 72
73, 72
72, 72
72, 71
71, 71
71, 72
70, 72
70, 71
70, 72
71, 72
70, 72
70, 73
70, 74
70, 75
70, 74
69, 74
69, 73
69, 72
69, 71
69, 70
69, 69
69, 70
69, 71
69, 72
69, 73
68, 73
69, 73
70, 73
71, 73
70, 73
70, 74
71, 74
71, 75
71, 74
71, 73
71, 72
70, 72
71, 72
71, 71
72, 71
71, 71
72, 71
72, 72
72, 71
72, 70
71, 70
70, 70
70, 71
71, 71
72, 71
71, 71
72, 71
72, 72
72, 71
72, 72
71, 72
72, 72
72, 73
71, 73
72, 73
73, 73
73, 72
72, 72
72, 73
72, 74
73, 74
72, 74
73, 74
72, 74
73, 74
74, 74
74, 75
73, 75
73, 76
72, 76
73, 76
73, 75
73, 76
73, 77
73, 76
73, 77
73, 76
73, 75
72, 75
72, 76
72, 77
72, 78
72, 79
73, 79
73, 78
73, 77
74, 77
74, 78
75, 78
75, 79
76, 79
77, 79
78, 79
79, 79
78, 79
79, 79
80, 79
80, 78
79, 78
79, 79
78, 79
77, 79
76, 79
76, 78
76, 77
75, 77
75, 78
75, 79
76, 79
76, 78
77, 78
77, 79
76, 79
76, 78
76, 77
77, 77
77, 78
77, 77
77, 78
77, 79
77, 80
77, 81
77, 82
77, 83
77, 82
78, 82
78, 83
78, 82
78, 81
79, 81
79, 82
80, 82
79, 82
79, 81
80, 81
79, 81
80, 81
80, 82
80, 81
79, 81
78, 81
79, 81
79, 80
79, 81
79, 80
79, 81
79, 82
78, 82
78, 83
79, 83
79, 82
80, 82
80, 83
79, 83
79, 84
78, 84
77, 84
78, 84
77, 84
76, 84
77, 84
77, 83
76, 83
76, 84
76, 85
75, 85
75, 84
75, 83
75, 82
75, 83
76, 83
77, 83
77, 84
77, 83
77, 84
76, 84
76, 85
77, 85
77, 86
78, 86
79, 86
78, 86
79, 86
79, 85
79, 84
79, 85
80, 85
81, 85
81, 86
80, 86
79, 86
79, 85
80, 85
80, 84
79, 84
79, 83
80, 83
81, 83
81, 84
82, 84
82, 85
82, 86
83, 86
82, 86
81, 86
81, 85
81, 86
81, 85
81, 84
80, 84
80, 83
81, 83
81, 84
81, 83
81, 82
80, 82
79, 82
79, 81
79, 82
80, 82
79, 82
79, 81
79, 80
78, 80
78, 81
79, 81
80, 81
80, 80
81, 80
81, 81
81, 80
81, 81
82, 81
82, 80
82, 79
82, 80
82, 81
82, 82
81, 82
81, 83
81, 82
80, 82
80, 83
79, 83
80, 83
79, 83
79, 82
79, 83
80, 83
79, 83
79, 84
78, 84
79, 84
78, 84
78, 83
78, 82
77, 82
77, 81
77, 82
76, 82
76, 83
75, 83
75, 82
75, 83
76, 83
76, 82
77, 82
77, 81
76, 81
76, 82
75, 82
76, 82
76, 81
76, 80
75, 80
75, 79
76, 79
77, 79
76, 79
77, 79
76, 79
76, 78
76, 79
76, 80
77, 80
76, 80
75, 80
74, 80
75, 80
75, 79
75, 80
75, 81
76, 81
76, 82
75, 82
76, 82
75, 82
74, 82
74, 81
74, 82
74, 81
75, 81
75, 82
75, 83
75, 82
75, 81
75, 82
75, 81
76, 81
76, 80
77, 80
76, 80
76, 79
76, 80
76, 79
76, 78
76, 77
77, 77
76, 77
76, 76
76, 75
76, 74
76, 75
76, 74
75, 74
75, 73
76, 73
76, 74
77, 74
77, 73
78, 73
79, 73
80, 73
80, 74
80, 75
80, 74
80, 75
81, 75
81, 74
81, 75
82, 75
82, 74
82, 73
82, 72
81, 72
81, 71
81, 72
82, 72
82, 71
82, 70
82, 69
82, 68
82, 67
81, 67
81, 68
82, 68
83, 68
83, 69
83, 68
82, 68
82, 69
82, 68
81, 68
81, 69
81, 70
81, 69
80, 69
81, 69
82, 69
83, 69
83, 70
84, 70
84, 69
83, 69
83, 68
84, 68
85, 68
84, 68
85, 68
86, 68
85, 68
86, 68
86, 67
87, 67
86, 67
85, 67
86, 67
86, 68
87, 68
87, 67
87, 66
87, 67
87, 66
88, 66
89, 66
88, 66
88, 65
87, 65
86, 65
86, 64
86, 65
86, 64
86, 63
85, 63
86, 63
86, 64
86, 65
85, 65
86, 65
86, 66
85, 66
84, 66
84, 67
85, 67
84, 67
85, 67
84, 67
83, 67
83, 68
82, 68
81, 68
80, 68
80, 67
81, 67
80, 67
80, 66
79, 66
80, 66
79, 66
79, 67
80, 67
80, 66
79, 66
79, 65
80, 65
79, 65
79, 66
79, 67
79, 68
79, 69
78, 69
78, 68
78, 67
78, 66
78, 65
79, 65
79, 64
78, 64
77, 64
76, 64
76, 65
76, 66
76, 67
76, 68
76, 69
76, 68
75, 68
75, 67
76, 67
76, 68
75, 68
76, 68
75, 68
75, 69
75, 68
75, 69
76, 69
75, 69
76, 69
76, 70
76, 69
75, 69
75, 70
75, 71
74, 71
73, 71
73, 72
74, 72
74, 73
75, 73
75, 74
74, 74
74, 75
75, 75
75, 74
74, 74
75, 74
76, 74
77, 74
78, 74
78, 73
78, 74
79, 74
80, 74
81, 74
81, 73
81, 74
82, 74
81, 74
81, 73
81, 72
82, 72
83, 72
82, 72
82, 71
81, 71
81, 72
80, 72
80, 73
79, 73
78, 73
79, 73
79, 74
80, 74
81, 74
80, 74
79, 74
80, 74
79, 74
78, 74
79, 74
80, 74
80, 73
81, 73
80, 73
81, 73
82, 73
82, 72
83, 72
82, 72
82, 73
82, 72
81, 72
81, 71
82, 71
83, 71
84, 71
84, 70
84, 71
84, 72
85, 72
85, 71
85, 72
85, 73
85, 72
85, 71
85, 70
86, 70
86, 69
87, 69
87, 70
88, 70
87, 70
86, 70
87, 70
87, 71
86, 71
87, 71
86, 71
86, 72
85, 72
86, 72
85, 72
85, 71
85, 70
85, 71
85, 70
85, 69
84, 69
83, 69
83, 70
82, 70
81, 70
82, 70
82, 69
83, 69
83, 68
83, 69
82, 69
82, 68
82, 69
82, 68
82, 67
82, 66
83, 66
83, 65
82, 65
82, 66
83, 66
83, 65
84, 65
83, 65
83, 64
82, 64
83, 64
83, 65
83, 64
84, 64
83, 64
84, 64
83, 64
83, 63
82, 63
82, 64
83, 64
84, 64
84, 63
84, 62
84, 63
85, 63
85, 64
84, 64
84, 63
83, 63
84, 63
84, 62
83, 62
83, 63
82, 63
81, 63
80, 63
79, 63
79, 64
80, 64
80, 63
80, 62
80, 63
80, 64
80, 63
80, 62
80, 61
81, 61
81, 60
82, 60
82, 59
82, 58
81, 58
81, 59
81, 60
81, 59
81, 60
80, 60
81, 60
80, 60
80, 61
79, 61
80, 61
80, 60
80, 59
80, 60
81, 60
82, 60
82, 59
82, 58
83, 58
83, 59
83, 60
83, 61
82, 61
81, 61
80, 61
81, 61
80, 61
81, 61
82, 61
83, 61
83, 60
82, 60
82, 61
82, 62
81, 62
82, 62
82, 61
81, 61
80, 61
79, 61
79, 62
79, 63
78, 63
77, 63
78, 63
77, 63
76, 63
76, 62
77, 62
76, 62
76, 63
76, 64
76, 63
76, 62
76, 61
75, 61
75, 60
74, 60
73, 60
73, 59
72, 59
71, 59
70, 59
71, 59
71, 58
71, 59
72, 59
72, 60
72, 59
72, 60
72, 59
72, 60
73, 60
74, 60
74, 59
75, 59
75, 60
74, 60
74, 59
74, 60
74, 61
73, 61
72, 61
72, 62
73, 62
74, 62
74, 61
74, 60
73, 60
74, 60
74, 59
74, 58
73, 58
74, 58
74, 57
75, 57
75, 58
75, 57
75, 58
74, 58
73, 58
73, 59
73, 58
72, 58
72, 59
72, 58
71, 58
72, 58
73, 58
72, 58
72, 57
72, 58
72, 59
73, 59
74, 59
74, 58
75, 58
75, 57
75, 58
75, 59
76, 59
75, 59
74, 59
73, 59
72, 59
73, 59
73, 60
73, 59
73, 58
74, 58
73, 58
72, 58
72, 59
73, 59
73, 60
72, 60
72, 59
73, 59
72, 59
72, 58
71, 58
72, 58
72, 59
72, 58
73, 58
73, 59
73, 60
72, 60
72, 61
71, 61
71, 60
71, 61
71, 62
72, 62
72, 61
73, 61
74, 61
73, 61
73, 60
73, 59
73, 60
74, 60
75, 60
76, 60
75, 60
75, 59
74, 59
75, 59
75, 58
75, 57
76, 57
77, 57
77, 56
77, 57
77, 56
78, 56
79, 56
79, 57
78, 57
78, 58
78, 57
79, 57
80, 57
79, 57
80, 57
81, 57
80, 57
81, 57
80, 57
79, 57
79, 56
79, 55
78, 55
79, 55
80, 55
80, 56
80, 55
79, 55
79, 54
79, 55
80, 55
80, 54
80, 55
81, 55
80, 55
79, 55
80, 55
79, 55
79, 54
78, 54
79, 54
79, 55
78, 55
79, 55
80, 55
79, 55
80, 55
79, 55
78, 55
78, 56
78, 57
79, 57
78, 57
79, 57
80, 57
79, 57
79, 58
79, 57
79, 56
78, 56
77, 56
77, 55
78, 55
78, 54
78, 53
77, 53
76, 53
76, 52
76, 51
77, 51
78, 51
78, 50
78, 49
77, 49
77, 48
77, 47
77, 48
78, 48
79, 48
79, 47
79, 48
79, 47
80, 47
80, 46
80, 45
81, 45
80, 45
79, 45
80, 45
81, 45
81, 44
80, 44
80, 43
80, 42
79, 42
79, 41
78, 41
78, 42
78, 43
79, 43
79, 44
79, 43
79, 42
78, 42
79, 42
79, 43
80, 43
80, 42
80, 43
79, 43
79, 44
80, 44
81, 44
81, 45
82, 45
82, 44
82, 43
81, 43
82, 43
82, 42
81, 42
81, 41
82, 41
83, 41
83, 40
82, 40
82, 39
83, 39
83, 38
83, 39
84, 39
84, 40
83, 40
83, 39
83, 38
82, 38
81, 38
82, 38
83, 38
84, 38
83, 38
83, 37
84, 37
83, 37
82, 37
83, 37
84, 37
85, 37
84, 37
85, 37
85, 36
85, 37
86, 37
87, 37
87, 36
87, 35
86, 35
86, 36
86, 35
85, 35
86, 35
86, 34
86, 33
85, 33
85, 34
85, 35
85, 34
85, 33
85, 34
85, 33
85, 32
85, 31
85, 32
86, 32
87, 32
88, 32
89, 32
90, 32
91, 32
91, 33
90, 33
91, 33
92, 33
91, 33
92, 33
92, 32
93, 32
92, 32
92, 33
92, 32
92, 33
92, 34
92, 35
91, 35
92, 35
93, 35
94, 35
94, 34
94, 33
94, 34
94, 35
94, 34
94, 35
93, 35
93, 34
93, 35
92, 35
92, 34
92, 33
91, 33
90, 33
91, 33
90, 33
90, 34
89, 34
88, 34
87, 34
86, 34
86, 33
86, 32
87, 32
86, 32
86, 33
86, 34
86, 33
86, 34
86, 35
86, 34
85, 34
84, 34
83, 34
83, 33
84, 33
84, 32
85, 32
85, 31
85, 32
84, 32
84, 31
83, 31
83, 30
84, 30
83, 30
84, 30
84, 31
84, 32
84, 33
85, 33
85, 32
84, 32
84, 31
84, 30
84, 31
83, 31
82, 31
81, 31
81, 30
81, 29
82, 29
83, 29
84, 29
84, 30
85, 30
84, 30
83, 30
84, 30
85, 30
85, 29
85, 30
85, 29
86, 29
85, 29
86, 29
85, 29
84, 29
84, 30
84, 29
84, 28
84, 29
84, 30
85, 30
85, 31
84, 31
84, 30
84, 29
84, 30
85, 30
85, 29
84, 29
83, 29
83, 28
83, 29
83, 28
83, 27
83, 26
84, 26
85, 26
85, 25
86, 25
86, 26
86, 25
87, 25
87, 24
87, 23
87, 24
88, 24
87, 24
86, 24
87, 24
88, 24
89, 24
90, 24
90, 25
89, 25
89, 24
88, 24
89, 24
90, 24
91, 24
90, 24
89, 24
90, 24
90, 23
91, 23
91, 22
91, 23
92, 23
92, 22
92, 23
93, 23
92, 23
91, 23
90, 23
91, 23
92, 23
92, 22
91, 22
90, 22
91, 22
90, 22
89, 22
90, 22
89, 22
89, 21
89, 22
88, 22
87, 22
87, 23
86, 23
85, 23
85, 22
85, 23
84, 23
84, 22
84, 23
83, 23
82, 23
82, 24
83, 24
83, 23
83, 22
83, 23
84, 23
85, 23
85, 24
86, 24
86, 23
86, 22
86, 23
86, 22
87, 22
87, 21
88, 21
88, 22
88, 21
88, 22
88, 21
89, 21
90, 21
91, 21
90, 21
90, 20
90, 21
90, 20
90, 21
91, 21
92, 21
93, 21
93, 22
94, 22
94, 21
93, 21
93, 22
94, 22
93, 22
92, 22
93, 22
94, 22
95, 22
95, 23
96, 23
95, 23
95, 24
96, 24
96, 23
95, 23
95, 24
95, 25
94, 25
94, 26
94, 27
94, 28
93, 28
94, 28
93, 28
94, 28
95, 28
94, 28
95, 28
95, 29
95, 30
95, 29
96, 29
97, 29
97, 28
96, 28
95, 28
96, 28
96, 29
96, 30
96, 31
96, 32
96, 31
97, 31
97, 32
97, 33
96, 33
97, 33
98, 33
98, 34
98, 35
98, 36
97, 36
97, 35
97, 36
97, 37
97, 36
97, 37
98, 37
98, 36
99, 36
99, 37
99, 36
100, 36
100, 37
100, 38
100, 39
101, 39
101, 40
102, 40
102, 41
101, 41
101, 42
100, 42
99, 42
100, 42
100, 41
100, 40
101, 40
101, 39
100, 39
100, 40
99, 40
99, 41
98, 41
98, 40
97, 40
96, 40
95, 40
94, 40
95, 40
94, 40
94, 39
94, 38
94, 39
93, 39
93, 40
94, 40
93, 40
94, 40
95, 40
95, 39
94, 39
94, 40
95, 40
95, 39
95, 40
95, 39
95, 40
95, 41
95, 42
95, 41
96, 41
96, 40
96, 41
95, 41
95, 42
95, 41
95, 42
95, 41
96, 41
96, 40
95, 40
95, 39
95, 40
95, 39
96, 39
97, 39
97, 38
97, 39
96, 39
96, 38
95, 38
95, 39
94, 39
94, 40
93, 40
93, 39
92, 39
92, 38
91, 38
92, 38
92, 37
91, 37
91, 36
90, 36
90, 37
90, 38
91, 38
90, 38
89, 38
90, 38
91, 38
91, 39
91, 38
91, 39
90, 39
90, 38
90, 37
91, 37
90, 37
91, 37
91, 36
91, 35
91, 36
92, 36
91, 36
92, 36
92, 35
92, 36
92, 35
93, 35
93, 36
93, 37
92, 37
92, 38
92, 37
93, 37
94, 37
94, 36
93, 36
92, 36
92, 35
91, 35
92, 35
92, 36
92, 35
91, 35
91, 36
91, 37
91, 38
91, 37
91, 38
90, 38
90, 39
89, 39
89, 40
89, 39
88, 39
87, 39
87, 40
88, 40
88, 41
89, 41
89, 40
89, 39
89, 40
89, 41
89, 40
89, 41
89, 42
90, 42
91, 42
90, 42
89, 42
90, 42
91, 42
90, 42
89, 42
89, 43
89, 42
89, 41
88, 41
88, 42
87, 42
88, 42
88, 41
88, 40
88, 39
89, 39
90, 39
89, 39
90, 39
90, 40
90, 41
90, 40
90, 41
91, 41
91, 42
90, 42
90, 41
91, 41
91, 42
91, 41
90, 41
90, 40
90, 39
89, 39
90, 39
91, 39
91, 38
92, 38
93, 38
92, 38
92, 39
91, 39
90, 39
89, 39
90, 39
91, 39
90, 39
91, 39
91, 40
90, 40
90, 39
91, 39
90, 39
89, 39
90, 39
90, 38
90, 39
90, 38
90, 37
91, 37
91, 38
92, 38
93, 38
92, 38
92, 39
93, 39
93, 40
92, 40
93, 40
93, 41
93, 42
93, 43
93, 42
93, 41
93, 40
93, 39
94, 39
95, 39
95, 38
95, 39
95, 40
95, 41
95, 42
95, 41
95, 40
95, 41
95, 42
95, 43
95, 44
94, 44
94, 45
95, 45
94, 45
94, 46
94, 47
94, 46
94, 45
95, 45
94, 45
94, 44
94, 45
94, 44
94, 45
93, 45
93, 44
92, 44
93, 44
93, 43
93, 44
93, 43
92, 43
93, 43
93, 44
93, 43
93, 42
92, 42
91, 42
90, 42
90, 41
90, 40
90, 41
90, 42
91, 42
91, 41
92, 41
92, 42
92, 41
92, 40
92, 41
93, 41
93, 40
94, 40
94, 39
93, 39
92, 39
92, 40
92, 41
91, 41
90, 41
91, 41
92, 41
92, 42
93, 42
93, 43
92, 43
92, 42
93, 42
93, 41
94, 41
94, 40
94, 41
94, 42
93, 42
93, 43
93, 44
93, 45
94, 45
93, 45
92, 45
92, 46
91, 46
92, 46
92, 47
93, 47
92, 47
92, 46
92, 45
93, 45
94, 45
95, 45
96, 45
95, 45
95, 44
94, 44
94, 43
95, 43
96, 43
96, 42
96, 41
95, 41
95, 40
95, 41
95, 40
96, 40
97, 40
96, 40
96, 41
95, 41
95, 42
96, 42
96, 41
96, 40
97, 40
97, 41
98, 41
98, 42
97, 42
97, 41
97, 42
97, 43
97, 42
97, 43
97, 42
97, 43
97, 42
97, 43
97, 42
98, 42
98, 43
98, 44
97, 44
96, 44
97, 44
98, 44
97, 44
96, 44
96, 45
97, 45
97, 46
98, 46
99, 46
98, 46
99, 46
100, 46
100, 45
101, 45
101, 46
100, 46
100, 45
101, 45
101, 44
101, 45
101, 44
101, 45
100, 45
100, 46
101, 46
102, 46
102, 47
102, 48
102, 49
102, 48
102, 47
102, 46
103, 46
102, 46
103, 46
103, 47
102, 47
102, 48
102, 49
101, 49
101, 48
101, 49
100, 49
100, 48
100, 49
101, 49
102, 49
101, 49
102, 49
102, 48
103, 48
103, 47
102, 47
101, 47
101, 48
100, 48
99, 48
100, 48
101, 48
101, 47
102, 47
102, 46
102, 47
103, 47
104, 47
104, 48
104, 49
103, 49
104, 49
105, 49
105, 50
106, 50
106, 49
107, 49
107, 48
106, 48
107, 48
107, 47
107, 46
108, 46
108, 47
108, 46
109, 46
109, 45
110, 45
110, 46
111, 46
110, 46
110, 47
111, 47
112, 47
112, 48
113, 48
113, 47
113, 48
114, 48
113, 48
114, 48
114, 49
114, 50
113, 50
114, 50
114, 51
115, 51
116, 51
115, 51
114, 51
115, 51
116, 51
117, 51
116, 51
116, 52
116, 51
115, 51
114, 51
114, 50
114, 49
113, 49
114, 49
113, 49
113, 50
112, 50
113, 50
113, 51
114, 51
114, 52
114, 53
113, 53
113, 52
114, 52
114, 51
115, 51
114, 51
113, 51
114, 51
113, 51
113, 52
112, 52
112, 53
112, 54
112, 55
112, 54
113, 54
112, 54
113, 54
112, 54
111, 54
111, 53
111, 52
110, 52
111, 52
110, 52
110, 53
111, 53
111, 52
111, 53
111, 52
110, 52
111, 52
111, 53
111, 54
111, 53
111, 54
111, 53
110, 53
110, 54
111, 54
111, 53
111, 52
111, 53
111, 54
110, 54
109, 54
109, 55
109, 54
108, 54
109, 54
110, 54
111, 54
111, 53
110, 53
109, 53
110, 53
111, 53
110, 53
110, 52
110, 53
111, 53
112, 53
112, 54
112, 55
112, 56
112, 57
113, 57
112, 57
112, 56
112, 57
112, 58
112, 59
112, 60
113, 60
114, 60
114, 59
114, 60
114, 59
114, 60
114, 59
114, 58
114, 59
115, 59
115, 60
116, 60
115, 60
115, 61
116, 61
116, 62
115, 62
115, 63
115, 62
114, 62
113, 62
112, 62
113, 62
113, 61
113, 62
